111 96
4 2 0 3 2 0 0 2 40 21 122 21 1 1 1 7 3 5 22 2 1 0 1 2 28 25 17 73 1 0 0 0 11 13 108 8 0 2 3 0 3 10 43 11 1 5 5 14 3 3 5 9 0 2 0 2 58 59 135 43 1 0 0 1 10 9 18 4 0 1 1 2 3 2 2 16 0 0 1 0 6 9 48 18 0 3 0 1 9 9 7 1 0 3 0 0
2 3 0 5 0 1 0 1 12 7 138 5 0 0 3 7 7 2 16 4 0 0 2 2 14 13 9 38 0 0 1 0 8 9 109 11 0 2 2 2 12 6 17 5 1 8 5 8 3 2 7 8 1 1 0 0 14 42 174 16 0 2 2 0 6 9 19 9 0 3 3 2 6 6 0 4 1 1 0 0 6 4 65 10 0 0 0 0 1 5 6 10 0 3 0 4
2 6 2 2 4 0 2 3 9 10 33 5 2 5 1 0 4 8 13 20 0 0 4 0 9 5 15 3 3 1 1 2 8 7 46 6 0 4 5 1 4 4 7 0 0 0 0 1 5 5 0 2 0 3 0 1 14 12 27 8 0 3 3 1 5 2 5 1 0 1 1 0 2 3 2 3 3 4 4 1 3 20 15 0 0 1 0 0 1 2 1 5 0 0 2 0
0 0 2 1 0 0 0 0 5 5 66 9 2 2 1 1 4 2 13 3 0 4 0 1 8 4 2 42 0 0 0 0 8 5 80 0 0 2 0 1 9 10 32 18 0 1 3 19 2 5 0 17 0 4 0 4 13 32 85 15 0 0 0 0 7 15 17 10 1 2 3 10 1 1 2 9 0 0 0 0 3 6 26 5 0 0 0 0 4 5 5 3 0 1 0 1
2 0 0 4 3 4 0 0 51 30 362 30 3 5 0 17 12 18 19 9 1 4 1 0 14 26 12 92 0 0 1 1 18 36 364 36 0 3 4 6 2 17 74 10 0 10 6 13 6 24 7 69 1 5 0 2 123 299 1011 152 1 3 2 6 28 59 39 14 0 1 3 4 2 12 1 28 0 3 1 3 23 31 132 21 0 1 0 4 8 13 25 7 0 4 2 1
0 8 0 0 2 2 0 1 15 18 169 4 0 1 2 14 7 8 26 7 1 0 1 0 9 12 7 34 2 0 0 0 1 7 189 9 0 5 0 1 6 8 37 9 0 3 3 7 4 5 0 6 1 2 0 0 30 59 192 29 0 0 2 0 20 6 26 11 0 0 8 2 3 10 0 3 1 3 0 0 6 14 80 8 6 1 0 0 2 11 8 4 0 0 0 1
2 1 2 2 1 0 1 0 17 8 146 8 0 0 1 3 4 12 24 1 1 2 1 2 7 18 12 32 0 0 0 0 5 14 134 16 1 6 4 0 14 7 41 2 0 6 4 2 1 0 2 4 1 2 1 1 18 49 183 28 0 4 4 2 10 11 15 6 0 0 0 2 4 3 2 3 2 1 0 1 8 3 63 5 2 0 1 2 2 3 9 4 0 0 0 2
1 2 1 0 0 0 0 1 1 2 11 5 0 0 2 2 1 2 2 2 0 1 1 7 0 0 1 2 3 0 0 4 2 1 10 1 2 5 1 14 1 43 17 39 1 10 5 87 0 2 0 6 0 0 0 0 3 4 13 2 0 2 0 0 1 4 4 4 1 2 0 26 0 0 0 0 2 0 0 3 2 3 10 9 0 2 2 1 1 14 1 8 0 13 5 34
10 2 4 7 6 0 5 10 4 6 12 13 1 4 3 0 10 2 10 8 3 1 2 1 9 7 0 5 2 3 1 3 3 2 15 4 2 5 3 5 5 9 3 9 0 2 4 11 6 8 2 4 5 6 1 4 5 2 18 15 3 3 6 3 1 3 1 5 18 11 40 19 5 2 0 3 2 2 0 12 10 9 8 11 3 4 0 3 2 2 3 7 0 2 7 3
22 12 8 11 19 14 13 22 83 48 241 64 5 11 11 7 56 40 160 99 6 11 17 4 9 12 18 14 10 20 15 21 63 54 259 81 5 12 16 5 29 49 128 70 2 15 28 10 17 17 18 18 18 16 8 15 51 52 145 58 5 5 9 6 43 37 72 55 4 8 16 11 10 16 6 7 13 19 10 32 47 64 153 48 2 5 3 7 20 32 52 38 11 15 14 6
1 0 0 1 1 0 0 0 3 0 1 1 0 0 2 0 1 2 1 2 0 0 0 0 96 61 160 56 1 0 0 0 0 0 10 0 0 0 0 4 0 0 0 0 0 0 2 0 4 0 1 1 0 0 0 2 2 0 5 0 0 0 0 0 1 0 1 1 0 0 1 2 7 19 5 3 0 0 0 1 0 0 2 0 0 0 0 0 1 0 0 0 0 0 0 0
5 1 0 2 2 2 0 0 19 16 249 15 0 2 2 0 15 11 25 6 0 0 2 1 27 19 11 44 0 0 2 0 19 8 230 8 0 4 3 0 12 12 43 4 0 5 6 2 2 9 7 8 3 8 0 2 53 67 273 41 0 1 2 1 24 20 19 6 0 3 6 1 1 7 3 6 0 0 0 0 8 11 98 4 0 0 0 2 5 7 10 4 0 1 0 1
4 5 3 0 1 0 2 2 12 11 204 13 1 3 1 2 17 15 32 3 0 1 0 2 4 7 9 42 0 0 1 5 12 17 199 18 2 0 1 0 11 11 49 9 0 4 4 14 11 2 1 17 0 2 0 1 39 46 218 25 1 2 2 0 18 24 43 11 3 0 6 5 4 3 3 4 0 0 0 0 5 8 105 11 0 4 0 0 8 4 12 7 1 0 4 4
4 2 3 5 4 3 1 4 30 29 474 41 0 7 1 5 30 58 100 12 3 1 1 2 33 51 20 146 0 0 1 1 27 24 429 22 2 2 2 5 33 55 146 52 6 16 14 15 1 11 2 19 0 3 0 1 100 146 380 88 0 10 5 6 71 54 74 38 0 0 3 6 4 2 0 13 2 1 0 0 19 13 195 10 4 0 0 0 13 19 39 20 0 1 2 9
6 3 2 4 1 1 0 1 12 14 148 17 2 6 4 10 20 15 60 16 5 5 3 4 14 20 7 30 3 0 2 0 7 11 149 4 1 6 3 5 16 26 69 14 0 24 14 12 3 0 3 8 0 2 0 1 16 50 176 25 6 6 5 0 63 21 55 26 0 4 5 9 8 8 1 12 0 2 1 0 4 12 67 4 4 1 3 0 6 16 25 9 0 1 3 4
2 4 0 1 0 7 0 2 38 23 215 13 0 6 0 5 13 7 27 7 0 2 0 0 13 20 25 52 2 0 0 1 12 28 206 14 0 0 3 0 12 4 39 7 0 13 3 7 6 6 2 12 1 2 0 0 79 95 342 56 0 3 0 3 24 21 25 20 0 2 4 1 4 8 13 13 1 1 0 1 13 8 110 6 1 3 2 0 14 7 16 6 0 2 0 4
2 3 2 6 0 0 0 0 12 8 193 5 0 1 0 2 5 2 18 7 2 1 0 3 4 4 17 17 0 4 1 1 3 7 172 8 0 1 0 1 9 9 44 11 0 7 7 12 5 2 1 7 0 5 0 1 31 42 193 26 1 0 0 0 9 4 19 10 0 0 1 0 6 2 4 9 3 2 2 2 4 7 69 7 0 0 0 0 9 3 15 6 0 0 1 1
2 4 0 0 6 0 1 0 21 19 202 20 0 10 1 2 20 22 49 10 3 1 0 0 28 26 21 68 6 1 0 0 10 20 199 14 1 5 6 2 31 21 54 26 0 11 21 26 11 8 5 21 0 8 1 3 60 95 245 50 1 4 2 1 54 35 55 42 0 1 5 14 0 3 4 13 1 0 0 0 5 19 76 23 0 3 0 0 9 25 25 12 0 0 1 9
1 1 0 2 0 2 0 1 33 5 27 3 0 0 0 2 1 13 3 2 2 5 2 18 6 0 0 3 1 0 0 0 19 15 15 8 1 4 4 9 11 18 19 17 0 8 7 26 6 1 1 2 0 0 1 0 24 3 26 7 0 0 0 2 2 5 3 5 2 3 3 7 2 0 0 1 2 0 3 0 38 25 18 24 3 7 3 4 2 7 6 3 4 10 5 32
1 4 2 14 4 2 0 4 39 60 375 22 2 19 2 18 20 24 23 11 0 0 1 1 10 15 18 79 1 0 8 4 12 34 252 50 0 9 2 0 4 13 31 13 2 8 5 13 9 37 2 101 5 6 0 6 204 674 2553 357 2 14 3 13 101 173 57 39 1 4 3 19 6 10 8 30 2 3 1 2 28 68 152 20 3 4 1 2 16 33 15 8 1 1 1 9
1 5 0 4 4 2 2 4 46 37 253 14 2 4 1 9 8 15 43 6 3 0 0 1 6 25 10 44 0 0 0 0 18 19 219 22 0 3 1 1 17 18 42 25 0 8 6 7 2 3 4 16 0 4 1 0 83 110 312 77 0 6 5 4 20 22 27 18 0 0 1 2 2 5 0 10 0 0 0 2 15 11 131 7 2 0 0 3 1 13 26 8 0 0 1 11
2 3 0 4 1 3 0 2 29 10 130 9 0 0 2 5 21 12 32 7 0 0 0 1 15 23 17 68 4 0 0 0 9 16 159 19 3 5 3 8 7 12 30 13 0 10 5 27 1 2 0 6 1 2 0 1 55 71 193 38 0 4 4 0 27 20 39 21 0 2 0 14 5 0 2 8 0 0 0 2 15 10 51 14 0 1 0 0 10 8 14 5 0 0 0 3
0 3 0 1 1 1 2 1 20 16 161 20 7 4 3 8 21 8 32 17 5 4 1 0 12 21 11 57 0 1 0 0 10 19 159 26 0 7 1 3 28 14 46 26 2 9 7 14 4 1 3 10 0 5 1 1 48 63 182 61 0 0 1 0 47 23 30 20 0 1 3 2 0 7 1 22 0 2 0 0 4 11 94 9 0 1 1 3 6 16 21 10 0 0 2 0
0 0 3 0 1 2 1 3 4 5 77 6 0 1 1 2 7 12 41 8 1 2 5 2 9 21 4 52 0 0 0 0 5 6 62 7 0 0 1 1 9 13 42 28 2 9 16 30 7 4 0 9 5 1 0 1 22 49 144 32 0 2 0 7 19 18 22 11 0 1 2 14 2 1 4 2 0 1 0 3 4 5 28 3 0 0 1 0 10 9 10 5 0 3 0 4
3 6 2 3 1 0 0 0 20 9 337 6 2 5 5 9 6 9 28 2 4 1 1 5 12 21 8 37 0 2 2 0 6 4 306 4 1 2 0 2 7 9 33 8 2 6 13 6 10 15 4 13 0 11 0 2 47 66 350 27 4 4 4 4 22 12 29 7 2 2 0 17 6 4 0 7 0 3 0 1 7 11 157 5 1 0 2 2 8 11 22 2 0 0 0 4
6 2 2 3 0 0 1 0 1 0 15 5 3 4 4 2 0 10 3 4 0 0 0 3 8 3 1 4 2 0 0 4 3 6 20 5 0 0 0 8 2 3 3 18 0 5 6 27 4 5 0 4 1 3 0 1 3 5 9 11 0 8 0 1 0 2 5 3 0 0 3 10 4 1 3 4 15 13 0 18 12 5 21 8 7 1 0 0 0 2 4 5 2 0 3 4
5 4 3 1 5 11 1 7 61 42 242 28 28 36 7 15 64 47 114 45 1 2 1 8 17 38 20 69 4 0 2 0 22 40 264 23 0 5 10 8 40 42 124 37 3 4 13 21 6 19 3 16 0 13 0 9 140 241 336 145 4 24 4 12 294 159 200 180 0 2 5 7 4 3 3 15 2 4 0 4 39 39 124 36 9 6 4 2 108 87 111 76 2 3 0 14
4 1 2 1 1 0 1 11 18 9 270 19 1 6 5 8 23 24 42 24 1 4 3 7 19 18 24 55 1 1 0 0 15 8 245 12 1 4 10 14 32 27 75 63 1 12 5 87 4 11 3 12 0 5 0 1 49 88 341 73 3 4 2 2 137 40 66 61 0 6 4 23 1 11 1 10 0 11 0 4 12 20 103 8 3 3 1 2 14 22 29 14 0 1 4 6
1 0 0 2 1 0 0 0 8 6 109 7 0 1 0 2 10 4 7 6 0 0 0 2 0 6 1 31 0 0 0 1 2 8 82 2 0 2 1 4 1 6 39 8 0 5 5 5 1 8 0 4 0 0 0 2 29 26 102 31 5 2 0 0 15 9 19 9 0 0 1 2 0 1 0 3 0 0 0 0 9 3 54 0 0 0 0 0 5 6 15 1 0 1 0 3
7 0 0 6 0 0 0 5 29 24 245 17 1 10 1 3 13 12 36 9 3 2 2 0 13 24 10 57 1 0 0 1 16 22 221 10 1 1 3 3 10 6 46 13 0 3 6 8 5 4 2 13 2 9 1 0 78 104 282 76 1 4 2 3 49 23 24 23 0 2 0 4 6 10 4 15 1 3 0 5 18 13 103 5 1 1 3 1 25 12 18 2 0 1 1 1
2 3 0 0 0 0 0 0 33 10 265 8 3 6 0 2 7 4 17 8 0 1 0 0 8 12 7 49 1 2 0 0 13 7 247 11 0 3 0 1 2 10 24 8 0 2 3 12 4 11 5 9 5 4 2 0 45 57 305 54 0 2 1 2 7 13 21 17 0 2 0 0 6 3 1 5 1 0 0 0 14 19 139 8 0 1 0 0 7 7 16 2 4 0 2 4
13 22 4 34 8 14 0 20 133 149 528 84 69 293 13 90 144 153 250 117 12 12 15 30 59 92 68 387 4 5 0 5 93 155 531 128 8 52 22 23 171 145 313 180 12 39 41 86 29 65 36 188 23 26 2 9 306 680 950 423 35 199 29 58 497 381 450 361 3 26 17 82 11 26 21 95 4 12 4 18 105 143 275 127 30 46 7 13 197 206 187 166 8 28 6 13
0 0 0 5 0 0 0 1 2 5 32 4 1 0 0 0 1 2 3 1 0 3 1 5 1 0 0 0 2 0 0 1 9 0 23 3 0 3 0 14 3 4 6 36 0 5 8 107 5 7 0 1 3 4 0 0 5 14 29 2 0 3 3 0 0 3 5 2 0 6 3 27 0 4 0 4 1 0 0 8 0 1 12 9 2 1 1 1 1 2 1 0 0 5 0 9
1 2 0 3 3 1 0 0 20 13 131 10 0 1 0 2 12 6 26 13 0 3 0 0 11 31 6 59 1 1 0 7 17 19 127 10 0 3 0 3 4 9 47 16 0 7 16 25 4 5 0 9 1 4 0 0 52 84 219 31 0 6 2 3 26 23 40 25 0 0 7 9 0 2 1 9 0 4 0 0 6 23 66 4 1 1 0 0 7 17 22 6 0 3 4 4
0 0 0 0 1 2 0 0 2 6 42 5 0 6 0 0 5 3 16 3 0 2 0 1 4 7 2 19 2 0 0 0 4 8 59 4 0 4 0 1 3 8 23 9 0 0 3 8 1 1 4 17 0 1 0 0 18 60 187 30 0 5 0 0 12 20 7 5 0 1 1 6 4 1 5 6 0 0 0 4 3 8 36 1 1 0 0 0 5 5 0 2 0 2 1 0
0 1 1 3 0 3 0 1 12 18 145 15 0 6 0 5 6 6 36 5 0 2 0 1 12 17 14 50 0 2 0 0 6 18 160 14 0 4 3 5 16 11 55 8 5 10 14 33 9 9 2 42 0 4 0 3 39 115 316 51 0 9 0 0 13 29 30 13 0 10 6 11 6 9 5 11 2 1 0 1 6 16 68 11 0 2 2 0 5 10 5 13 0 0 0 4
2 6 0 6 3 3 0 2 33 20 127 4 3 1 0 1 3 9 18 3 0 0 0 0 14 15 2 27 0 0 0 5 15 11 135 11 4 2 3 0 11 1 34 9 0 1 8 14 3 1 0 6 0 2 0 0 33 51 165 29 0 0 3 1 14 14 10 11 0 0 0 0 3 5 1 12 7 3 1 10 10 9 54 2 0 0 2 0 2 7 3 1 2 0 0 0
6 6 1 3 0 9 0 4 34 30 255 22 1 12 1 9 14 18 52 8 2 0 0 7 11 35 23 78 0 0 1 2 15 18 262 13 0 5 6 0 9 26 64 19 0 8 7 44 5 6 5 17 2 2 0 2 53 101 330 63 0 7 0 3 40 50 44 30 0 2 2 11 0 4 3 12 0 0 0 3 13 17 106 12 0 0 0 1 20 13 23 14 0 0 0 5
5 2 0 1 1 3 0 2 24 31 278 20 0 6 0 6 16 13 39 18 0 0 2 1 27 27 28 77 0 0 0 1 11 22 284 20 0 6 6 4 16 16 41 13 2 6 9 7 3 4 1 12 3 1 0 2 61 86 358 69 1 4 0 4 27 17 37 25 0 0 0 0 0 11 2 15 0 2 0 4 11 11 148 12 2 0 2 4 16 9 16 2 0 0 1 4
6 2 2 4 8 5 1 10 10 8 73 10 0 1 5 3 10 5 6 13 0 0 0 4 11 22 1 31 9 1 1 2 17 11 92 12 2 4 6 12 0 12 24 8 1 5 5 36 5 11 1 8 8 11 7 6 25 33 102 26 3 2 1 6 14 11 12 12 2 5 3 5 6 9 0 5 6 6 4 11 6 12 38 6 0 2 3 1 4 6 6 7 0 1 3 9
5 5 1 3 1 5 0 2 37 11 217 11 2 5 3 5 14 20 58 6 0 3 0 3 14 33 17 52 0 1 0 0 14 16 258 6 0 2 2 7 16 23 48 26 2 12 10 7 4 17 6 18 5 2 1 3 53 95 368 48 1 6 1 1 27 27 24 11 0 3 3 4 6 4 6 11 0 6 0 1 17 4 138 5 3 0 0 0 12 13 24 7 0 0 3 0
1 7 0 0 0 0 0 0 10 9 191 7 1 8 2 2 5 8 21 4 0 0 0 0 11 12 2 45 0 0 0 1 12 7 143 7 0 0 1 7 11 5 32 5 0 5 6 13 2 7 5 11 0 1 1 0 54 57 247 44 0 4 1 4 8 12 14 12 0 1 0 7 1 6 2 6 0 1 0 0 6 13 86 5 2 0 1 0 2 8 15 2 0 0 0 2
7 0 3 2 0 0 2 0 11 2 60 1 1 2 0 0 0 0 5 3 0 0 0 0 4 0 0 10 0 2 0 0 10 3 73 7 0 0 3 0 2 4 4 4 0 2 2 6 8 3 0 10 0 0 0 0 7 13 101 5 1 0 0 0 4 3 2 7 0 0 0 0 1 2 3 5 2 0 0 3 8 9 38 1 0 0 0 2 1 5 4 4 0 0 0 1
1 0 2 0 1 1 2 1 4 0 24 3 0 0 2 1 0 1 1 4 1 0 2 6 1 0 2 1 3 4 0 3 6 1 31 10 0 2 2 7 1 6 11 30 5 2 7 57 4 2 4 9 0 2 0 0 5 6 38 6 0 0 0 0 1 9 7 4 0 1 1 17 3 0 0 0 3 2 0 12 4 4 13 5 0 0 3 3 1 10 0 1 1 1 3 10
4 2 2 0 0 1 2 4 23 11 118 6 0 2 2 4 11 13 19 4 1 1 4 4 14 17 12 36 0 3 0 3 2 10 160 11 3 1 8 1 8 5 14 2 0 9 9 7 4 16 6 6 0 3 1 0 42 79 261 30 0 4 2 3 11 14 23 8 0 3 3 7 4 2 0 5 2 1 0 1 6 11 76 6 2 1 0 3 6 4 11 1 2 1 0 1
1 1 0 1 8 3 3 3 26 18 238 13 1 1 1 5 20 23 32 6 0 6 0 2 7 30 11 56 4 1 5 2 14 28 296 28 1 5 3 5 11 18 58 16 5 8 11 17 0 16 5 34 0 3 0 4 77 108 349 68 0 7 2 3 23 18 76 17 0 6 2 0 0 15 0 9 5 2 0 4 8 19 142 12 5 6 0 3 9 18 19 9 0 0 3 1
2 3 0 0 2 0 0 1 14 19 152 19 1 9 0 3 23 20 28 10 0 2 2 2 18 19 12 68 3 0 0 0 19 17 176 13 2 3 3 5 6 20 36 24 0 12 25 31 10 22 5 15 6 3 2 5 49 70 227 49 0 4 1 5 36 25 32 16 0 3 8 8 1 5 0 8 0 1 0 1 22 18 80 14 2 1 2 2 3 13 26 10 0 2 2 0
6 3 0 6 3 2 0 4 18 15 203 5 0 0 0 6 11 9 27 4 0 2 0 1 11 15 11 40 0 0 0 4 12 9 205 9 0 6 3 3 9 7 22 12 0 5 8 9 11 2 8 13 2 6 1 0 39 54 249 17 1 2 0 3 8 5 17 5 0 2 6 0 3 4 1 5 0 1 0 1 6 2 94 9 1 1 0 0 6 9 14 0 0 0 1 1
5 11 0 3 1 0 2 7 17 16 140 32 5 0 1 10 40 22 70 18 0 3 0 0 14 24 15 49 0 0 3 1 7 13 140 12 0 2 3 5 19 14 78 40 0 15 14 11 7 12 2 10 2 7 1 3 36 87 220 38 2 5 3 2 73 40 68 44 0 3 1 2 7 7 3 18 0 2 0 1 7 14 68 2 3 2 2 6 7 16 12 2 1 2 0 5
4 5 2 0 0 0 0 2 14 7 162 6 0 2 1 1 7 9 32 2 0 2 0 3 8 18 14 38 0 0 0 0 17 4 171 11 0 4 1 4 7 12 38 18 0 5 23 9 3 1 4 4 0 2 0 0 45 49 238 25 0 6 0 0 12 20 19 6 0 2 3 5 7 3 0 9 0 4 2 0 1 6 80 5 4 0 0 2 3 6 9 2 0 0 1 4
2 1 1 0 3 0 0 1 6 2 17 1 0 2 0 3 5 2 2 3 6 2 1 8 2 0 0 0 1 0 0 4 1 9 14 2 0 3 2 19 4 11 13 54 1 8 5 123 0 1 1 1 1 0 0 0 4 9 10 0 0 0 0 5 1 3 4 10 0 0 2 19 1 1 0 3 2 2 0 3 6 4 14 8 0 0 0 2 5 2 1 5 0 0 2 21
2 4 1 13 7 4 1 3 94 39 494 22 9 18 2 3 31 25 54 17 0 4 3 1 35 63 29 204 0 5 2 0 24 40 496 32 2 8 3 1 40 45 80 41 0 11 22 10 3 7 6 23 1 21 4 9 195 289 605 136 2 15 2 0 144 98 82 91 0 1 2 2 3 12 3 26 0 1 0 5 31 20 194 19 0 4 0 0 39 53 34 26 2 0 2 2
1 0 1 0 0 3 0 0 11 2 12 6 4 1 1 3 2 3 4 7 2 17 2 64 0 5 0 0 0 1 1 0 8 12 17 5 1 38 29 73 15 109 67 144 2 39 30 350 3 1 0 0 4 0 0 0 5 5 21 3 0 7 4 17 4 21 13 19 0 18 6 113 2 0 0 3 1 1 0 2 14 11 7 4 1 10 1 14 3 29 18 24 1 42 2 159
15 9 1 7 3 0 1 0 35 18 203 17 0 1 1 4 13 19 47 3 0 1 1 1 17 29 12 97 1 0 3 7 26 30 244 21 0 16 2 6 23 28 77 35 0 10 16 16 11 4 8 9 1 9 0 1 48 82 270 54 0 2 2 3 30 35 45 31 1 8 2 0 0 7 0 19 0 0 0 1 11 16 89 13 0 2 2 0 10 14 23 6 0 3 0 1
2 10 2 40 0 1 1 0 11 29 174 27 4 4 2 3 54 90 34 40 2 38 9 135 19 13 7 56 0 0 0 0 11 27 98 35 1 1 1 4 11 25 17 14 16 38 60 206 13 22 1 77 0 1 0 6 50 284 823 318 3 2 0 1 156 357 96 165 19 41 20 48 192 28 6 1318 0 1 5 5 52 168 2239 285 2 0 2 10 31 104 28 55 46 115 32 660
0 6 0 4 1 2 2 1 37 45 355 9 7 7 0 7 13 6 46 13 0 4 3 3 12 23 13 41 2 0 1 0 21 11 386 26 1 6 2 3 9 20 46 23 2 11 10 11 1 6 1 8 5 4 0 3 63 94 476 42 2 3 1 1 20 15 24 22 0 3 2 1 0 16 6 20 2 1 1 5 11 32 187 6 9 6 1 0 6 8 19 9 3 0 0 1
6 1 0 2 0 2 0 1 17 6 27 3 0 10 4 8 4 8 9 3 7 3 7 29 4 1 0 8 0 0 0 3 10 4 21 10 1 7 13 17 4 35 22 42 4 9 8 80 6 0 0 3 1 0 0 0 14 6 11 8 0 2 3 4 4 10 4 5 4 3 1 19 2 3 0 2 2 0 0 1 21 19 28 22 0 2 1 9 1 26 10 12 1 12 4 84
5 3 7 4 8 5 6 5 4 10 26 13 3 2 3 12 1 8 1 3 7 4 2 1 6 5 2 5 8 5 2 11 8 4 21 8 2 3 6 6 0 3 5 7 0 0 9 1 4 4 3 9 11 5 5 7 9 8 15 11 2 5 2 3 0 3 6 4 1 3 6 0 10 10 2 9 11 15 1 37 22 26 14 8 1 3 4 2 3 2 1 4 1 1 7 2
0 1 0 2 2 5 0 4 7 6 14 2 0 0 4 0 0 0 3 1 2 0 0 9 0 0 1 4 0 0 0 2 4 1 33 6 0 0 1 10 4 7 7 35 0 7 4 33 0 5 0 0 0 3 2 1 8 5 21 10 0 0 1 3 0 3 3 0 0 1 1 11 5 3 2 3 3 0 0 0 14 14 16 11 3 2 2 2 2 0 0 4 0 2 2 14
2 5 0 0 0 1 0 2 9 15 200 13 0 0 0 3 5 6 21 4 0 0 0 2 11 13 1 43 0 0 0 0 6 9 180 13 1 5 2 0 13 9 30 7 0 3 3 7 5 10 0 14 2 5 3 0 40 67 215 36 0 5 0 2 11 13 20 6 0 2 0 0 2 5 0 15 0 1 0 2 2 6 81 1 0 2 0 0 4 6 10 2 0 0 0 0
9 4 0 8 1 7 0 6 62 46 369 28 0 16 0 8 26 21 85 8 1 3 6 2 43 90 46 231 0 0 0 1 12 44 313 28 2 10 2 4 20 31 113 16 2 23 26 22 7 17 3 38 3 17 2 5 126 254 533 126 0 5 1 3 81 53 69 54 0 2 3 5 2 15 6 17 1 3 0 2 12 30 153 22 2 1 1 0 23 15 40 14 0 8 2 8
1 4 4 6 1 0 0 1 24 12 172 7 1 3 1 3 7 16 36 5 1 1 1 1 21 39 20 58 1 0 1 1 6 15 155 17 2 2 1 2 11 15 43 2 0 9 0 14 8 10 5 34 0 2 1 1 63 78 202 55 0 4 0 0 17 15 25 14 0 0 3 3 1 2 2 12 0 1 0 3 4 8 85 2 0 0 2 0 5 33 10 11 0 0 0 3
1 2 2 2 0 0 2 1 15 14 99 2 1 1 3 3 9 9 16 8 1 0 1 1 9 12 6 34 0 2 0 0 8 4 98 3 0 3 0 1 5 11 23 3 0 7 4 8 5 3 6 10 3 5 0 1 26 47 150 18 0 2 0 0 24 12 19 13 1 0 1 5 1 4 0 1 0 1 0 0 4 6 39 0 0 1 0 0 1 10 11 0 0 0 0 0
1 4 0 0 1 4 3 1 20 16 168 7 0 9 2 8 16 18 39 13 0 7 2 2 11 31 9 75 0 0 2 0 16 14 198 12 0 5 0 1 9 15 50 19 1 5 12 17 5 4 5 24 1 10 0 0 67 59 233 57 0 4 0 0 28 26 27 10 0 3 1 6 0 4 1 12 0 3 0 8 12 15 86 12 3 2 2 0 13 17 14 9 0 3 4 0
0 4 1 1 0 2 1 0 23 29 257 12 0 3 1 3 11 8 26 3 1 1 0 4 10 26 4 44 0 0 1 0 10 6 208 9 0 3 3 5 5 8 34 10 1 4 14 2 5 6 5 6 0 4 0 0 67 62 252 42 0 2 0 3 14 8 18 9 0 0 2 0 0 5 3 9 1 3 0 1 17 18 101 8 0 1 0 3 11 7 13 4 0 2 1 0
9 4 2 6 15 12 3 5 8 5 39 10 0 10 4 7 3 3 5 4 0 3 2 0 5 6 5 7 20 11 4 17 20 12 42 18 1 5 13 7 6 12 11 4 5 4 17 3 11 19 0 10 7 2 3 13 7 16 46 16 6 3 3 2 4 6 3 4 7 6 3 2 2 12 4 11 11 13 1 31 17 20 21 6 3 4 2 6 1 8 5 1 0 3 2 5
1 3 3 2 0 1 0 2 40 16 183 7 8 9 4 7 34 17 52 19 1 2 2 2 19 24 23 85 0 1 0 2 17 18 181 14 2 4 1 1 17 23 56 29 4 6 16 7 3 3 6 5 4 1 0 6 72 113 248 41 2 7 2 2 95 44 89 88 1 0 0 5 2 4 1 11 0 1 0 1 12 15 102 8 0 0 1 2 36 32 33 14 2 0 0 2
3 3 0 8 2 1 0 0 8 12 60 6 0 1 0 0 10 7 17 4 0 0 0 1 9 14 2 34 0 1 1 0 7 10 78 13 0 3 1 7 3 10 30 26 0 4 5 12 3 5 6 7 3 1 1 7 40 46 127 30 0 2 0 0 11 7 13 15 0 3 5 6 0 5 5 4 0 1 0 0 8 8 35 6 0 0 0 1 2 4 4 1 0 2 0 4
5 5 0 4 2 3 0 1 6 2 28 2 3 4 0 2 2 1 1 2 2 3 1 3 2 1 0 4 2 0 1 3 1 7 26 4 0 0 0 4 7 5 10 21 0 8 5 84 5 1 0 1 1 1 1 7 3 7 41 4 0 0 5 0 0 6 1 3 2 6 0 20 0 2 0 9 2 3 3 4 8 8 19 5 0 2 2 1 2 1 2 5 4 1 1 5
3 6 1 5 4 7 0 7 60 36 442 21 20 73 9 13 123 98 127 70 4 20 8 12 23 36 28 76 1 0 0 8 26 53 435 29 6 16 11 6 98 51 131 95 2 10 14 19 3 18 3 24 4 27 0 2 125 220 448 108 8 18 10 7 675 322 415 462 1 3 7 8 1 8 0 17 2 1 1 3 36 57 209 17 14 10 2 1 157 105 106 100 0 14 8 4
0 2 0 2 0 2 0 1 31 21 258 10 0 15 0 4 13 29 44 10 0 8 4 5 7 31 19 38 0 0 0 0 9 24 238 20 0 3 0 3 12 20 57 12 3 13 10 20 1 16 10 31 2 8 0 0 83 170 437 79 2 7 1 1 53 56 52 31 1 11 9 17 6 7 1 11 2 3 0 5 20 34 137 16 1 10 0 1 10 30 20 11 0 0 2 2
1 5 0 4 0 3 0 6 18 18 182 6 3 10 3 8 10 12 38 13 0 6 5 1 8 22 11 62 0 0 1 0 16 11 177 15 1 8 3 3 14 10 35 15 3 6 10 5 14 8 5 19 4 3 1 1 53 113 386 43 3 8 6 3 37 26 45 15 3 1 1 6 7 10 2 7 0 0 0 1 15 17 130 11 0 8 1 4 8 7 28 14 0 2 1 2
3 3 1 5 2 2 1 4 19 18 248 15 3 11 1 11 18 29 57 11 0 2 3 6 13 23 12 49 0 0 1 4 23 15 232 17 0 2 2 4 13 13 53 11 0 8 6 18 5 9 4 9 2 9 0 4 49 70 345 58 0 8 1 2 26 25 37 12 1 4 2 2 8 8 0 8 1 4 0 6 11 16 120 4 4 0 1 0 9 12 20 6 1 1 2 2
3 2 0 5 0 0 0 1 35 30 161 18 0 6 1 5 14 11 37 7 0 1 2 3 11 37 13 48 2 0 2 1 15 12 175 9 0 0 0 2 6 13 47 12 0 4 7 17 6 1 4 9 0 3 2 2 76 76 222 55 2 1 2 2 17 23 29 23 0 3 0 9 3 6 0 17 0 0 0 0 11 20 130 7 0 0 0 1 14 7 23 3 0 0 0 5
1 2 0 4 0 0 1 0 1 2 33 1 1 0 5 1 3 3 2 0 0 1 2 1 0 0 4 4 3 0 2 4 4 0 42 11 0 1 1 5 3 3 5 11 0 2 3 37 4 2 3 0 1 0 1 0 4 12 44 0 0 0 0 3 2 1 3 8 0 0 0 11 6 7 3 5 7 1 0 10 14 1 18 8 0 2 0 0 1 1 5 3 2 1 0 1
5 3 0 3 1 1 0 2 7 2 17 4 5 0 1 3 3 3 3 6 0 0 1 5 1 1 0 1 4 1 0 0 14 12 20 9 1 5 0 13 3 7 6 23 0 7 3 73 1 4 3 2 0 2 1 2 5 4 38 4 3 1 3 5 5 7 3 3 0 2 2 21 0 6 0 7 7 5 0 9 20 17 17 5 1 4 0 3 8 0 4 1 2 3 5 29
0 4 0 1 1 1 0 3 0 2 11 5 0 7 0 1 0 2 6 1 0 0 0 10 1 0 2 0 5 2 2 3 3 3 17 3 0 2 1 8 1 10 16 26 0 14 3 53 4 0 0 4 0 0 0 0 3 12 19 2 0 6 5 0 0 1 2 8 0 4 0 17 3 1 0 4 1 3 0 4 12 4 15 7 0 1 0 8 0 2 0 0 0 4 0 19
2 6 2 1 3 3 2 3 11 4 18 3 0 1 2 1 3 3 3 3 0 0 0 4 9 9 1 6 5 2 0 6 9 8 10 8 1 2 4 10 2 2 2 3 0 10 5 4 3 11 0 3 1 3 2 5 5 2 22 6 1 4 2 0 7 3 1 0 1 2 6 3 6 6 5 3 10 11 4 12 6 15 14 15 1 1 0 3 3 5 2 4 0 1 4 1
0 0 0 2 1 1 0 3 21 7 184 8 0 10 1 6 5 5 17 5 0 2 1 4 9 20 9 46 1 0 3 0 6 8 162 7 0 1 2 1 2 6 16 1 4 3 3 19 6 3 4 12 2 7 1 0 47 58 239 42 0 1 0 0 8 7 19 5 0 1 1 1 2 2 0 8 1 2 0 2 4 17 81 2 1 4 0 0 6 5 4 2 0 0 1 0
0 6 2 1 0 2 0 3 7 5 78 8 0 0 3 0 2 0 11 0 0 0 0 2 7 12 4 23 0 1 0 2 4 9 77 6 0 3 0 7 2 2 7 11 0 4 2 24 5 3 0 6 0 4 2 0 20 25 93 18 0 1 0 0 7 5 9 2 0 0 0 2 1 4 6 7 0 1 1 0 0 11 32 3 2 0 0 0 4 3 7 0 2 0 0 2
0 0 0 1 1 1 0 2 5 3 12 0 2 0 0 0 0 2 1 8 0 2 0 15 6 0 0 0 0 0 1 0 1 1 11 2 0 3 2 20 1 22 11 55 0 4 2 144 0 1 0 0 0 0 0 0 2 5 22 1 1 0 0 0 1 5 0 0 0 2 0 31 0 1 0 3 2 2 2 1 3 3 6 2 1 0 4 3 2 3 0 2 0 3 0 14
5 4 0 2 2 2 3 4 40 14 247 10 0 0 1 8 16 11 40 8 0 0 0 0 9 19 14 63 2 2 0 1 3 16 288 4 0 1 0 0 2 12 44 5 3 7 4 11 0 5 3 11 1 9 3 2 47 76 324 34 0 0 0 2 17 9 28 6 0 3 0 2 0 8 3 6 0 1 0 0 7 16 138 10 0 0 0 2 5 9 21 8 0 0 0 3
2 0 0 2 2 6 1 2 22 16 142 21 0 4 0 3 7 14 15 5 0 0 0 1 4 22 11 71 0 2 0 1 11 16 165 13 0 5 1 5 9 20 11 9 0 1 11 8 1 7 1 15 0 1 0 3 38 71 184 25 0 0 1 2 18 11 22 10 0 3 0 1 2 5 0 10 2 0 0 7 8 8 84 12 1 0 0 1 7 6 11 8 0 4 0 6
0 1 0 0 1 0 0 1 15 8 129 1 0 1 0 1 2 4 34 3 1 0 1 5 6 6 5 22 0 0 0 0 6 11 108 9 0 1 2 1 8 6 33 7 0 3 5 8 0 0 2 6 0 0 0 1 22 37 180 22 0 1 1 0 8 8 26 9 0 0 5 4 0 5 0 1 0 2 0 0 4 5 55 2 1 0 3 0 1 8 7 3 0 1 0 2
4 0 0 1 0 1 1 1 28 12 371 7 0 1 0 5 12 12 33 12 0 1 1 5 17 28 11 90 0 1 0 0 7 20 310 11 1 6 3 8 13 18 71 10 0 8 10 16 1 0 1 24 0 4 0 0 61 54 396 52 1 1 3 3 26 16 31 17 0 0 5 5 5 9 0 10 0 0 0 0 0 7 147 5 0 0 0 1 7 14 20 11 0 3 0 1
7 2 6 1 0 3 1 0 30 25 234 14 0 3 0 6 7 14 22 2 1 0 2 0 19 19 20 76 0 0 1 3 16 16 247 14 0 3 0 0 14 19 48 9 1 4 12 12 5 9 1 9 3 6 0 2 47 68 341 27 0 4 0 3 20 18 26 13 0 2 2 2 3 11 3 15 3 3 0 0 8 9 113 10 0 0 2 0 3 7 23 2 0 0 0 2
0 3 0 0 0 0 0 2 8 15 195 2 2 3 0 5 10 9 18 0 0 1 0 2 5 11 12 34 0 0 2 1 11 15 195 3 0 1 0 0 9 9 17 9 2 3 4 5 0 4 1 4 0 2 0 0 32 59 168 30 2 0 0 2 15 5 13 9 0 1 0 0 0 1 0 5 2 1 0 0 3 11 72 4 0 1 0 1 7 5 8 6 0 0 1 0
1 7 2 4 2 1 2 9 21 29 323 4 0 3 0 5 10 23 68 10 0 0 0 2 24 36 17 97 0 3 0 1 19 11 294 20 0 10 2 6 11 22 85 7 1 12 13 9 3 11 2 10 1 7 3 0 55 86 402 50 0 3 0 3 40 21 40 21 0 0 4 10 2 5 0 6 0 3 0 0 5 14 173 9 0 5 0 0 6 11 14 3 0 0 0 0
3 6 0 5 2 2 0 7 30 22 300 27 0 7 1 2 9 16 40 9 0 0 0 2 4 26 23 47 2 0 0 4 18 18 277 7 0 4 3 0 13 18 46 12 2 4 8 7 2 1 3 9 2 5 1 0 76 71 346 59 0 4 0 3 38 33 42 30 1 2 1 0 5 9 1 9 2 3 0 2 11 10 135 7 2 2 0 2 13 13 28 9 0 3 1 3
3 0 0 3 0 2 2 1 11 2 158 4 0 1 0 2 4 9 25 3 0 1 7 1 5 21 10 29 0 0 0 0 14 14 141 9 0 2 1 5 7 6 54 12 1 0 7 11 6 2 0 2 0 6 0 3 44 39 185 23 3 2 1 0 9 17 17 2 0 3 3 0 2 2 0 3 0 0 0 0 3 7 85 9 0 0 0 0 1 9 14 3 0 0 0 0
0 4 4 0 1 4 0 0 11 8 8 2 0 4 7 2 2 6 2 4 0 8 0 25 4 1 0 1 3 1 0 1 12 2 14 15 4 14 11 34 4 64 47 129 0 15 9 351 2 1 0 0 0 1 1 5 1 5 24 15 0 5 1 8 2 12 6 14 0 11 2 81 4 5 1 2 2 0 3 5 10 16 13 4 1 6 0 3 1 12 7 5 3 10 0 35
4 2 2 4 0 1 0 0 29 18 232 15 0 5 0 4 20 9 26 4 0 2 0 1 17 21 12 62 0 1 0 0 10 22 215 17 0 4 2 1 8 9 41 8 1 6 12 10 2 6 1 12 0 4 2 6 48 84 293 50 0 0 3 0 13 14 33 14 0 0 1 7 1 8 2 9 2 1 0 1 8 18 119 13 0 4 0 0 8 9 20 8 0 1 1 0
0 2 1 3 0 0 0 6 16 33 398 22 2 7 1 1 12 16 73 3 1 0 0 4 21 35 7 109 0 0 0 0 8 18 425 15 0 2 11 3 21 23 58 14 4 8 7 17 12 16 4 13 1 4 1 3 79 111 443 56 1 3 2 5 22 21 39 17 1 0 2 4 8 8 0 14 0 2 0 0 10 29 164 11 6 1 1 0 3 18 14 1 1 0 0 0
4 3 1 6 2 5 0 0 37 19 233 26 2 2 1 3 18 35 78 9 0 5 1 5 19 34 22 116 0 0 3 0 12 18 208 14 0 13 1 3 21 27 100 33 2 19 16 22 0 9 7 24 0 6 2 1 53 125 341 74 3 12 1 0 38 61 73 16 1 2 4 9 4 3 1 10 0 0 0 6 5 22 106 14 1 0 0 1 0 13 37 10 0 5 0 6
1 3 0 7 0 3 0 1 12 22 119 13 1 11 2 3 8 17 21 11 1 3 3 5 18 34 14 96 0 1 2 2 15 6 110 5 0 6 1 8 9 18 22 11 3 3 7 49 8 19 2 51 0 0 0 0 37 168 698 92 0 3 0 2 18 44 19 5 0 14 12 30 7 3 6 25 2 3 4 6 15 19 49 20 0 0 2 4 7 7 8 4 0 2 1 6
3 1 0 1 0 0 0 4 28 20 273 15 1 4 0 6 12 11 28 5 0 2 0 1 17 18 17 48 0 0 0 0 9 18 239 14 0 0 0 1 6 6 35 6 0 2 11 5 4 4 4 19 1 6 0 1 45 101 286 34 1 1 0 1 23 12 24 11 0 1 5 0 2 1 0 4 0 3 0 0 5 10 135 1 0 0 1 2 5 12 14 3 0 0 4 0
4 0 0 1 0 3 1 2 21 18 130 7 2 2 1 3 14 7 20 4 1 0 2 0 15 27 12 51 0 0 0 1 15 12 141 19 0 1 1 0 1 8 37 15 0 6 12 16 3 2 0 9 0 1 0 2 33 60 183 39 2 6 0 3 20 13 15 7 0 1 0 0 2 3 6 13 1 3 0 0 19 9 69 1 1 1 0 1 6 12 7 3 0 1 2 0
3 3 0 5 1 0 0 1 17 5 69 7 0 3 4 2 15 13 25 6 2 2 1 5 12 14 6 25 2 2 1 0 10 13 75 5 0 4 2 5 13 17 29 27 1 1 12 32 3 7 5 12 0 0 0 0 14 38 97 24 1 6 2 0 46 26 34 29 4 6 3 10 2 8 0 10 0 0 3 6 8 5 25 3 1 0 2 0 8 19 18 7 2 3 1 5
7 1 0 6 2 7 0 4 5 4 10 7 1 2 4 1 2 3 1 7 3 0 2 1 2 1 11 2 11 1 6 7 11 1 14 17 0 11 2 3 2 11 6 4 1 1 3 2 9 3 1 9 2 0 2 9 12 6 26 3 1 1 0 0 2 0 1 0 0 2 4 2 4 11 0 5 4 5 3 6 7 5 9 17 1 3 3 10 0 0 0 1 0 1 6 2
3 3 3 4 4 3 0 13 24 10 260 5 0 3 1 5 5 15 19 16 0 0 1 4 13 14 10 57 2 1 1 0 13 17 252 18 0 6 5 1 3 10 29 4 0 4 0 6 3 7 0 17 0 3 0 2 56 69 374 50 2 4 0 1 8 11 10 0 0 0 0 5 2 8 0 5 0 2 0 1 7 7 108 8 4 0 0 2 7 3 19 1 0 0 0 2
5 12 0 8 0 0 5 0 32 27 188 17 6 12 2 9 70 57 154 29 0 0 3 5 11 37 28 93 2 2 1 4 9 10 194 14 1 7 9 14 34 38 198 46 7 17 60 39 0 9 7 26 0 4 1 3 62 67 246 70 3 2 8 5 81 65 101 30 0 5 3 16 5 6 0 7 0 1 0 10 13 15 93 7 1 4 4 7 30 31 26 10 1 0 2 0
4 0 0 0 0 0 0 1 9 13 119 4 1 6 3 3 5 5 21 0 0 0 0 0 7 13 17 26 0 0 0 0 10 8 135 4 0 2 1 0 7 10 28 10 0 3 7 4 3 3 3 5 0 4 0 1 32 54 179 31 0 4 1 1 14 13 15 11 0 0 0 2 4 3 0 9 1 0 0 1 3 11 54 4 0 0 0 0 2 8 12 5 0 0 1 1
0 0 0 1 0 1 0 0 6 4 99 2 0 0 1 3 8 6 9 4 0 3 0 0 4 7 5 18 0 0 0 0 5 4 92 2 0 1 0 2 4 5 30 5 0 4 3 1 1 0 0 4 0 0 0 0 6 23 77 11 0 0 1 0 10 4 6 7 0 0 2 0 2 0 0 0 0 1 0 0 0 1 55 1 0 2 0 0 7 6 6 1 0 0 0 1
1 2 1 0 0 2 0 0 5 2 17 5 1 7 6 8 1 18 7 9 5 31 8 104 0 0 0 0 0 0 0 0 2 4 17 1 2 43 17 31 5 70 77 78 1 42 34 338 4 0 3 0 0 1 0 0 5 6 12 8 1 16 8 4 3 13 24 7 3 18 2 60 1 0 1 3 0 0 0 5 7 11 17 8 2 21 3 21 1 31 11 13 4 41 18 171
3 10 0 3 5 6 3 4 0 4 13 0 7 3 0 3 0 4 0 2 1 1 1 3 15 5 0 15 4 3 0 4 3 6 11 3 0 8 4 8 1 5 7 3 2 4 3 0 13 10 0 8 1 1 0 5 1 8 23 4 4 2 6 1 3 2 4 1 0 0 1 3 6 9 3 14 4 16 4 20 5 2 8 5 2 1 2 0 2 2 2 2 0 2 0 2
3 2 0 4 1 0 0 0 10 2 175 8 2 10 0 9 7 12 14 6 0 4 0 0 21 31 2 59 0 0 0 0 11 23 140 6 0 4 3 1 13 13 33 14 1 8 6 10 3 2 1 19 0 2 0 0 20 60 162 17 0 10 3 3 14 16 19 9 1 0 0 11 1 1 0 8 0 2 0 0 3 9 86 8 3 8 1 4 2 5 15 3 0 0 0 1
1 6 0 5 2 6 1 4 19 30 93 10 1 6 0 6 12 6 18 0 0 1 0 2 13 22 5 98 0 0 0 0 8 21 98 17 0 5 2 5 0 8 21 10 0 7 2 11 4 3 1 17 4 10 0 3 44 66 213 21 0 5 1 1 20 14 16 7 0 0 1 3 2 7 5 24 0 0 1 0 3 14 55 5 0 1 0 6 3 2 11 8 0 1 0 1
4 1 0 1 0 0 1 5 7 8 118 3 4 3 0 1 7 5 9 3 0 1 0 1 3 15 7 25 0 0 0 0 3 7 88 5 1 4 1 0 2 12 19 5 0 3 0 8 2 7 7 3 0 4 1 0 22 32 148 7 0 0 1 1 16 5 17 2 0 1 1 0 0 6 0 5 4 1 0 0 4 15 54 0 1 1 0 0 0 6 9 3 1 0 1 2
0 2 0 0 0 2 2 1 11 8 116 4 1 3 1 4 0 11 14 2 0 1 5 0 1 17 8 20 0 0 0 0 8 6 102 4 0 2 1 1 10 9 21 5 2 11 3 4 1 2 2 8 0 3 0 3 30 40 113 22 0 2 0 4 7 8 9 6 0 0 1 0 0 2 0 2 0 3 1 0 7 5 43 0 0 0 0 0 0 11 15 3 2 1 1 1
3 2 2 6 4 3 1 0 15 20 167 8 0 5 0 12 6 16 22 6 1 1 1 2 8 22 9 68 0 0 1 2 1 8 177 13 0 0 1 1 3 17 41 9 0 4 8 17 6 6 2 6 2 5 0 2 58 72 279 31 0 8 2 8 26 20 26 14 0 4 0 7 4 2 1 20 0 0 0 2 4 9 88 1 1 0 4 2 1 16 6 7 4 1 0 1
2 1 1 0 1 0 0 1 6 6 87 5 1 1 0 1 6 11 22 2 0 1 0 0 1 14 3 12 0 1 1 1 2 7 108 5 0 0 0 0 0 11 11 0 0 0 1 0 3 6 0 7 0 2 0 0 25 36 115 4 0 0 0 3 9 4 7 5 0 0 1 0 1 1 0 1 1 0 0 2 8 9 49 0 0 0 0 0 0 0 8 1 0 5 2 0
