64 96
1 1 4 4 4 1 1 6 5 2 11 3 0 3 8 0 1 5 9 4 0 1 2 0 4 14 2 11 5 6 4 8 7 6 13 9 1 9 8 1 5 4 7 2 0 4 2 3 2 8 1 1 4 8 0 2 3 3 12 6 1 1 2 0 2 3 9 2 0 0 0 1 11 0 1 5 6 11 1 14 42 15 16 27 1 3 2 0 4 0 3 0 0 1 1 5
4 4 0 0 2 0 4 6 4 1 30 10 0 2 0 1 13 6 12 9 3 4 2 5 11 2 1 2 6 3 0 6 7 9 26 5 2 4 2 4 4 9 18 5 1 0 4 1 2 2 1 0 5 6 1 4 3 10 27 17 3 2 1 1 2 7 7 21 1 0 1 2 10 2 0 8 31 34 5 34 74 28 47 29 0 2 0 2 3 8 0 5 4 0 2 4
2 0 1 0 4 0 0 3 3 2 6 0 1 0 0 0 0 0 0 2 0 2 0 0 1 0 0 0 1 0 1 1 2 1 5 4 0 0 3 0 0 0 1 2 0 0 1 0 0 0 4 1 2 0 0 4 7 3 4 1 0 0 1 0 0 1 0 0 0 1 0 0 9 12 1 4 57 14 10 66 89 22 33 28 0 0 1 0 0 0 0 0 2 0 1 0
2 0 1 0 4 1 0 4 5 3 9 0 1 0 1 0 0 0 0 2 0 2 0 0 1 0 2 0 1 0 1 1 8 5 10 6 0 0 3 0 2 2 0 2 0 1 1 0 0 1 3 2 2 0 0 4 12 5 6 2 0 0 1 0 1 3 0 0 0 4 5 0 10 17 1 3 71 12 11 76 116 28 43 24 0 0 1 0 1 0 1 0 3 0 1 0
1 0 0 0 2 3 0 1 6 2 7 12 0 0 4 0 3 4 6 2 0 0 3 0 0 4 1 0 3 2 2 2 12 13 12 6 0 1 5 5 2 2 2 2 1 0 3 0 5 2 0 2 2 0 0 0 3 19 11 6 2 4 1 0 0 1 5 4 0 5 1 1 5 1 0 1 9 5 4 7 110 23 40 49 1 4 0 0 3 4 2 1 2 3 0 0
1 0 0 3 2 0 2 1 1 1 6 2 0 0 0 0 0 1 0 3 0 0 1 0 4 2 1 4 0 3 3 2 16 1 11 1 0 0 3 0 2 4 5 1 0 1 0 0 0 0 0 0 2 3 1 3 4 9 9 4 0 0 2 0 4 3 3 0 3 2 2 0 6 3 2 7 38 11 9 49 74 22 26 27 0 0 0 0 0 0 0 0 0 0 0 1
1 1 2 1 0 0 1 1 1 5 4 5 2 1 2 0 4 1 5 2 0 1 1 0 2 0 1 1 3 1 1 2 15 2 11 3 2 6 9 3 0 6 5 0 2 7 2 2 1 0 1 0 0 1 0 0 4 6 4 1 2 2 4 3 1 4 0 0 4 1 2 0 5 9 0 6 29 14 4 27 145 27 31 49 1 2 5 1 2 0 6 1 0 0 2 2
0 0 0 2 0 0 0 0 6 0 1 3 5 2 19 3 3 3 6 1 1 0 1 2 1 2 5 0 0 1 0 2 12 10 16 4 16 9 24 10 4 1 0 1 0 0 6 0 2 0 0 0 0 0 4 0 3 6 8 1 4 1 7 1 3 1 6 4 0 1 4 1 5 1 3 2 20 7 1 19 23 13 10 30 3 6 15 3 2 0 2 1 0 0 0 1
0 1 1 0 1 0 2 2 1 7 13 1 0 1 1 1 6 0 4 2 0 0 0 0 2 1 1 0 0 4 0 3 6 2 4 7 3 4 18 4 1 0 2 3 0 0 2 1 2 1 1 4 0 2 1 0 4 4 6 4 1 0 2 0 2 4 6 0 0 0 1 0 10 9 1 3 41 10 4 44 83 32 23 38 2 5 3 9 5 5 5 6 0 0 2 0
0 1 1 0 2 0 2 2 2 10 14 5 0 1 1 1 8 0 6 5 0 0 2 0 4 1 1 2 0 6 0 2 8 3 7 8 3 7 23 5 2 0 5 4 0 3 2 0 2 1 1 3 0 2 1 0 3 6 6 2 1 0 4 0 2 5 5 0 0 1 3 1 12 10 2 5 46 13 4 57 89 34 30 44 1 5 3 11 8 6 7 6 0 0 2 0
1 3 0 0 2 3 0 0 3 4 10 3 1 0 2 1 5 0 4 2 0 0 1 1 3 0 1 1 3 2 6 1 5 0 5 4 1 1 2 0 3 0 0 3 0 0 1 4 0 2 0 1 0 3 0 0 4 5 5 3 0 1 0 0 5 1 3 0 0 0 0 0 11 9 3 9 28 14 7 51 98 20 38 56 0 1 4 0 0 0 1 0 0 0 1 1
1 3 4 0 2 5 0 1 3 7 10 7 1 1 2 1 4 0 5 4 0 0 1 1 9 1 3 2 5 2 6 1 7 2 9 4 1 1 2 0 3 2 2 3 0 0 3 5 0 2 0 1 0 1 1 0 7 7 14 7 0 1 0 1 5 4 7 4 0 1 5 2 10 16 5 9 39 19 9 63 136 31 51 74 0 1 5 0 0 0 1 0 0 0 1 1
2 2 0 1 1 1 0 0 6 5 10 4 7 0 1 0 4 4 5 15 2 8 0 0 3 7 1 5 4 2 5 3 10 7 8 16 2 0 1 4 2 0 6 2 2 0 4 1 1 2 2 6 7 0 1 0 5 2 6 5 0 0 0 0 8 9 6 8 2 0 2 2 4 6 1 6 9 6 4 26 56 19 14 20 2 3 0 4 1 3 5 1 1 1 0 6
2 4 0 2 3 1 2 0 8 5 15 11 7 0 2 0 4 5 6 17 2 7 2 0 1 6 1 6 5 3 7 3 11 6 7 18 2 1 2 2 2 3 7 5 2 2 7 1 1 0 2 3 8 0 3 0 5 6 12 6 0 0 0 0 10 13 6 9 9 1 5 11 5 7 1 8 10 10 4 31 59 22 18 18 2 5 1 4 1 4 4 1 2 1 0 6
4 2 2 1 2 0 0 0 2 4 6 4 1 1 1 0 1 0 2 2 0 0 0 0 4 5 5 0 3 0 0 1 5 2 9 9 0 0 0 3 0 0 1 1 1 0 0 2 4 4 1 3 0 0 0 1 7 10 23 5 0 1 3 0 7 0 4 0 0 0 1 0 20 5 8 15 45 19 12 65 129 30 43 55 1 1 0 0 0 0 4 0 0 0 0 0
4 2 3 0 1 1 1 0 5 4 12 4 1 1 0 0 1 0 5 2 0 0 0 0 3 3 2 1 4 1 0 1 6 3 12 7 0 0 0 3 0 0 3 1 2 0 0 0 3 8 1 0 0 0 0 1 6 16 28 6 0 1 3 0 9 1 6 2 0 0 4 0 23 6 9 15 52 18 11 90 169 36 52 61 1 0 1 0 1 0 4 0 0 0 1 0
2 12 7 1 0 2 0 1 1 7 17 3 1 3 6 2 3 2 3 1 1 0 1 0 16 6 8 10 0 4 2 3 0 6 6 0 11 3 20 5 2 1 0 1 0 0 1 0 6 16 6 5 15 3 2 2 5 9 18 7 2 1 0 0 5 1 3 1 1 2 5 0 6 11 6 6 11 5 0 9 22 10 5 4 4 5 11 1 4 0 1 0 2 0 0 2
2 2 0 2 3 2 1 2 4 1 10 7 0 1 2 1 1 1 4 2 0 0 1 0 2 0 1 0 2 3 1 1 13 1 19 6 0 1 2 1 0 4 4 0 0 1 2 5 2 0 2 2 0 0 1 2 7 2 18 4 3 1 1 2 6 2 0 0 1 1 2 1 1 4 3 5 9 5 1 5 70 37 39 37 1 0 0 2 1 3 1 0 0 6 1 2
2 2 0 2 5 2 1 1 8 3 15 10 0 2 3 1 1 2 9 3 0 0 1 0 3 0 1 0 2 4 1 1 14 1 25 7 0 1 2 1 0 6 9 0 0 1 3 7 3 0 1 1 0 0 5 2 9 5 24 5 4 1 1 2 6 2 0 0 1 2 8 1 2 4 3 4 9 6 2 7 83 43 46 49 1 1 0 2 1 4 1 2 0 6 3 2
1 0 1 0 1 2 0 2 2 1 4 2 0 0 0 3 1 1 0 0 0 0 0 0 5 0 3 1 4 0 0 4 7 6 11 6 0 0 1 0 1 1 1 0 0 0 0 1 1 0 3 2 1 0 0 7 2 4 17 11 0 0 0 0 0 0 1 4 0 0 0 0 15 14 3 4 151 49 22 151 222 54 70 122 0 1 2 1 3 0 1 0 0 0 0 0
1 0 0 2 0 0 0 0 6 1 18 0 0 3 1 0 0 1 1 2 0 0 2 0 3 2 6 4 8 2 2 0 6 6 12 6 0 1 0 0 0 0 1 0 0 0 0 0 2 0 0 1 0 2 1 0 8 2 18 0 0 0 2 1 2 0 0 0 1 2 1 0 16 8 2 12 80 32 3 118 124 61 75 84 1 0 0 0 1 1 0 2 0 0 0 0
3 3 0 2 5 1 1 1 0 1 3 1 1 2 3 0 8 1 2 4 0 3 4 0 6 8 5 3 13 6 4 5 9 2 15 7 1 5 7 0 0 4 5 5 1 1 5 1 8 8 4 7 1 4 1 6 7 4 15 6 2 4 0 8 2 1 0 3 0 3 0 1 8 22 3 9 23 15 5 19 34 7 10 14 0 0 0 2 2 9 1 0 1 2 1 1
0 1 1 0 1 0 0 0 3 2 12 2 0 0 2 0 1 0 4 3 0 0 0 4 1 0 1 0 1 1 1 1 5 4 6 3 0 0 0 0 1 0 0 0 0 0 0 1 0 0 0 1 0 2 0 4 2 3 15 0 0 0 0 0 0 1 4 4 0 0 1 0 9 4 2 5 67 23 10 63 73 16 57 28 0 0 0 0 0 0 0 0 0 1 0 0
4 4 2 1 1 0 3 0 2 8 9 0 2 1 2 3 6 0 0 1 0 0 0 0 7 0 9 2 2 0 3 2 8 7 11 6 0 1 2 2 2 0 1 0 0 0 0 0 2 1 5 2 0 0 1 1 0 2 1 2 0 0 0 0 6 2 0 1 0 0 1 1 8 1 2 5 35 11 5 46 91 20 35 34 0 0 0 0 2 2 0 1 0 0 0 0
2 4 3 3 4 1 2 3 9 7 15 9 0 1 2 2 19 10 23 24 1 0 5 1 8 2 2 1 8 5 3 5 17 7 15 13 0 0 4 3 6 1 9 10 1 1 3 1 3 0 4 2 4 1 1 3 12 7 17 15 2 2 1 0 14 11 22 14 4 0 4 1 6 6 0 6 25 7 7 22 162 54 63 95 0 7 2 0 17 8 7 8 1 0 4 3
0 0 0 3 0 1 0 3 2 3 19 0 0 0 0 1 2 0 2 1 0 0 0 0 0 2 3 0 9 0 1 1 13 3 10 4 0 0 0 0 0 1 1 2 0 0 0 0 3 0 0 1 0 1 1 1 3 3 12 2 0 0 0 0 2 1 0 1 0 0 2 0 14 13 5 8 120 57 9 129 121 21 26 46 0 0 1 0 0 1 0 0 0 0 1 0
3 2 1 2 0 0 3 1 6 3 15 5 0 1 3 3 4 4 10 5 0 0 0 0 5 1 3 1 4 2 6 7 24 9 10 14 1 3 3 6 0 1 11 2 2 7 2 8 0 5 0 2 0 3 2 2 10 15 11 9 0 4 3 0 4 1 1 2 0 0 0 0 12 16 0 7 77 17 12 47 143 45 69 56 2 1 1 0 4 2 1 2 0 2 0 2
1 3 3 5 8 1 1 0 7 3 10 12 1 4 3 5 15 4 15 1 0 0 0 2 8 4 3 9 5 1 4 2 9 8 3 10 0 1 4 0 1 4 12 2 0 0 3 2 6 1 3 1 0 1 3 2 19 0 13 6 3 4 5 0 6 8 7 1 2 0 0 0 2 10 1 4 27 15 12 35 49 15 11 17 0 2 2 3 2 2 7 3 1 2 0 5
4 7 10 5 5 0 0 8 8 6 11 6 0 5 2 0 6 0 6 7 0 2 0 0 5 6 4 2 3 3 1 5 7 9 17 17 1 0 2 4 1 4 1 5 0 3 2 1 0 5 1 3 1 7 1 2 2 5 14 6 3 0 2 5 1 0 2 1 2 2 2 2 5 7 4 11 29 16 1 54 65 17 25 19 0 6 0 1 1 2 2 1 0 6 4 0
2 3 0 0 0 2 0 0 7 1 9 0 0 0 1 0 5 4 1 2 1 0 0 1 4 0 5 2 3 1 0 0 4 5 13 4 0 0 2 0 0 0 0 0 0 0 1 0 3 3 0 2 0 0 1 0 3 5 5 4 1 0 0 0 1 4 0 0 0 0 0 0 13 5 1 6 68 24 11 66 79 27 35 39 2 1 1 0 2 0 3 2 0 0 0 0
0 1 0 1 2 2 8 3 2 5 4 1 0 4 6 1 4 3 2 1 0 0 0 3 3 3 4 0 6 4 1 7 2 6 7 5 0 4 1 0 2 2 1 1 0 3 4 0 0 3 2 2 4 5 2 2 9 7 17 2 0 1 1 0 1 0 0 4 0 0 1 0 13 5 1 14 67 15 3 66 35 17 18 25 0 1 3 0 6 2 5 3 0 1 1 4
1 1 0 3 2 3 0 3 13 8 7 2 0 1 1 1 3 3 7 7 1 0 2 0 2 5 2 3 4 4 1 3 28 9 13 7 0 0 0 2 0 4 8 5 0 0 0 0 4 5 0 0 1 2 2 1 13 10 11 8 3 1 0 0 11 4 1 4 0 0 0 1 9 15 5 10 64 26 13 66 231 77 80 91 1 1 1 0 0 2 3 0 1 0 1 0
0 0 0 1 0 0 0 0 2 2 2 3 0 0 0 0 1 0 2 0 1 0 1 0 1 1 0 0 4 0 1 4 5 4 11 8 0 2 1 0 0 0 0 1 0 0 0 0 0 1 0 0 0 1 0 1 2 6 12 0 1 0 1 0 0 2 0 0 0 0 1 4 12 2 1 11 53 19 5 44 83 18 30 37 0 1 0 0 2 0 1 0 0 0 0 2
0 0 1 0 3 1 1 0 8 7 14 3 0 1 2 0 2 1 2 4 0 0 0 0 1 2 1 3 2 2 0 0 12 8 14 8 0 0 6 0 0 3 1 4 1 0 0 2 2 5 3 1 3 2 1 0 2 5 10 5 0 0 0 0 1 2 1 3 0 0 2 0 12 4 7 2 48 25 8 60 51 22 28 36 0 0 0 0 4 0 2 1 0 0 1 1
1 3 3 3 11 2 0 10 18 9 25 14 2 0 2 0 5 2 12 1 3 0 1 1 3 3 1 8 8 7 11 8 30 14 33 27 1 3 1 4 2 8 7 4 2 1 1 3 2 3 0 1 1 2 2 5 21 11 16 8 0 0 1 1 4 1 2 7 3 0 2 2 28 30 1 20 135 42 21 177 635 198 229 311 2 0 0 2 3 0 3 2 1 3 3 5
2 0 1 0 6 3 0 3 4 1 15 0 0 2 0 0 0 2 0 0 0 0 0 3 1 3 0 2 2 1 2 6 26 9 24 12 0 0 0 2 2 0 2 2 0 0 0 0 8 0 0 0 1 2 0 2 3 11 14 7 0 0 1 0 1 0 3 2 0 0 0 0 32 18 11 15 169 53 11 175 351 127 134 198 0 0 0 0 0 0 1 0 0 0 0 0
0 5 2 2 1 1 2 1 3 0 4 4 3 0 0 5 15 12 11 3 0 0 2 0 4 0 6 5 7 3 5 3 19 3 8 12 1 2 1 1 1 0 7 7 0 0 3 6 4 2 1 1 2 2 3 1 7 6 3 10 1 0 4 0 9 6 1 1 0 0 3 0 3 5 1 0 12 8 4 12 54 23 30 30 3 2 1 0 2 1 3 0 0 1 1 7
5 2 0 0 0 1 0 3 1 1 9 3 0 0 0 1 3 0 0 2 0 0 0 0 2 2 1 0 3 0 0 1 7 9 13 11 0 3 0 0 0 1 0 5 0 0 0 0 0 1 1 0 0 0 0 0 1 6 9 4 0 1 0 0 2 1 0 1 0 0 0 1 10 8 2 5 79 31 15 67 122 33 46 70 0 0 0 2 0 0 0 1 0 0 0 0
2 0 2 2 0 0 1 2 2 3 11 3 0 1 3 1 1 1 4 2 0 0 0 0 3 0 1 2 3 0 2 2 3 2 7 6 0 0 0 0 1 1 0 1 0 0 0 0 3 0 0 0 0 1 0 1 2 8 22 3 0 1 0 1 0 0 0 2 0 0 0 0 17 4 3 5 45 26 6 88 107 33 44 44 0 0 0 0 0 0 0 3 0 0 0 1
0 0 0 0 1 0 0 2 1 1 4 1 0 0 0 0 3 0 2 1 0 0 0 0 1 1 2 0 5 2 0 0 8 2 12 1 0 0 0 1 0 0 1 0 0 0 0 0 0 0 0 0 0 4 1 3 4 1 5 4 0 0 0 0 2 1 0 0 0 0 0 1 27 16 13 9 109 23 19 102 111 23 30 46 0 1 0 0 3 0 0 2 0 0 0 1
0 2 6 5 0 1 4 3 2 4 4 0 0 0 1 1 3 1 1 1 0 0 0 2 2 3 6 2 1 3 0 0 7 14 16 16 1 1 4 0 1 1 2 3 0 0 6 2 2 0 1 2 0 0 1 0 5 1 10 5 2 1 0 1 0 1 2 1 0 0 6 0 7 9 3 4 64 21 6 75 147 32 49 85 0 0 3 0 5 4 0 2 0 0 0 0
1 1 1 0 2 0 0 3 4 3 15 4 0 0 0 1 0 1 0 0 1 0 2 0 2 0 0 4 11 0 2 6 22 8 18 6 0 0 3 2 0 1 2 0 0 0 0 0 0 0 0 0 2 0 2 4 23 4 15 7 0 0 0 0 0 0 0 0 0 0 6 0 24 32 21 29 223 59 54 318 445 114 185 226 1 0 0 0 0 2 0 0 0 0 0 0
2 2 0 4 6 2 1 3 3 1 6 1 0 0 0 0 6 2 2 1 0 1 0 0 1 4 2 1 3 1 0 7 7 6 16 6 1 0 0 0 0 2 3 0 0 1 0 0 1 3 0 0 1 2 3 4 6 4 16 2 0 0 0 0 2 2 2 2 0 0 2 0 73 41 17 54 149 45 25 182 288 93 122 135 0 2 0 0 1 2 2 2 0 3 1 0
1 1 1 0 1 1 1 1 3 2 6 2 1 0 0 0 2 0 1 0 0 0 0 0 6 1 0 0 2 0 1 2 6 4 15 9 0 0 0 2 0 2 2 0 0 0 0 0 1 6 3 0 0 1 0 0 7 4 10 4 0 0 0 0 0 0 5 1 0 3 0 0 19 8 0 12 41 11 6 65 64 21 23 23 0 2 3 0 1 0 0 0 1 0 0 0
7 5 2 1 3 2 0 3 10 6 9 5 2 0 0 1 10 7 19 3 2 0 4 2 3 1 1 5 9 1 7 6 12 10 14 27 0 4 9 3 4 1 11 3 5 1 2 2 4 5 3 3 0 6 2 2 11 11 7 3 4 1 1 2 8 7 7 3 0 3 2 5 4 12 1 2 10 3 3 3 17 8 10 8 0 4 0 0 6 2 5 3 1 0 3 1
1 2 7 1 2 0 0 2 15 1 18 4 0 2 1 5 4 1 2 3 0 0 0 0 2 1 2 0 2 3 3 2 14 8 8 4 0 0 3 1 1 1 3 0 0 1 0 0 0 2 0 0 2 1 0 0 10 3 11 2 0 0 0 0 0 2 9 3 0 0 0 1 6 9 1 4 30 18 3 45 128 44 70 86 0 1 1 0 1 0 1 0 3 2 2 0
3 0 2 1 1 1 2 2 2 5 15 0 0 6 0 0 2 1 1 3 0 0 0 0 2 0 0 0 0 2 0 5 6 2 4 1 0 0 0 0 3 0 2 0 0 0 0 0 0 1 0 0 1 3 0 2 4 8 13 2 0 0 0 0 0 0 4 0 0 0 0 0 7 8 0 7 62 30 5 64 115 40 64 70 0 1 0 2 0 3 0 0 0 0 0 0
0 0 1 0 7 0 0 0 5 3 3 1 0 0 0 0 1 2 4 6 0 0 0 0 1 3 1 1 4 1 0 0 7 3 8 7 0 0 0 1 0 0 3 0 0 0 1 0 2 5 1 1 1 0 0 3 4 7 10 3 0 0 0 0 2 0 0 3 0 0 0 0 10 5 1 16 66 10 9 90 158 45 76 97 0 0 1 0 0 0 0 1 0 0 2 0
3 6 0 0 1 1 4 0 7 4 16 3 0 0 4 0 0 1 0 0 0 0 0 0 0 4 0 0 0 0 6 3 10 5 10 3 0 1 1 0 1 3 1 0 0 0 0 0 1 2 4 4 6 1 2 4 9 3 15 6 0 1 0 1 0 0 0 2 0 0 0 1 11 10 5 2 60 25 8 54 91 35 32 33 1 3 0 3 0 0 0 1 0 2 0 1
16 20 3 14 2 8 0 3 12 10 5 8 2 1 0 0 1 0 2 1 1 0 4 1 9 10 2 7 4 13 1 6 5 11 7 14 0 3 8 1 5 7 4 0 0 1 3 6 12 27 8 20 13 3 4 3 25 20 15 24 1 0 2 2 4 4 1 1 0 0 2 0 4 14 1 21 14 13 4 14 12 7 13 15 3 1 1 4 6 9 6 5 2 1 3 3
8 0 0 0 1 4 1 0 0 4 16 2 0 0 0 3 1 1 3 3 0 0 0 0 6 0 3 1 0 1 1 10 4 4 12 3 0 0 2 0 1 0 0 0 0 0 2 1 0 3 1 4 0 3 1 0 8 7 8 8 1 0 0 0 1 0 3 2 0 0 1 1 6 23 4 4 88 23 7 62 62 27 24 25 0 0 0 1 0 1 3 0 0 1 0 0
1 0 1 0 2 0 2 1 1 4 13 2 0 0 0 1 2 2 0 1 0 0 0 0 3 0 2 4 4 1 2 7 12 3 11 7 0 2 0 0 1 5 0 2 2 2 1 4 1 2 3 3 1 0 0 3 9 5 14 5 0 0 1 0 5 4 0 2 0 0 0 1 33 28 13 26 161 52 41 210 296 63 83 122 0 0 1 0 0 1 0 0 1 0 0 0
7 3 2 8 2 1 0 1 7 12 10 4 4 2 2 2 12 3 6 2 0 0 2 0 5 1 9 2 4 3 0 2 13 7 12 13 2 1 8 7 1 9 7 6 1 3 6 6 2 5 2 2 4 0 1 1 6 10 12 12 3 3 0 3 9 3 4 3 1 2 3 1 14 11 9 11 13 10 5 37 89 33 40 47 1 0 0 2 5 1 1 2 2 3 2 5
2 0 0 1 2 2 2 0 1 2 8 2 1 0 0 0 2 1 8 0 1 4 2 1 4 2 4 0 0 2 2 10 8 9 17 7 3 0 1 2 0 4 8 0 0 0 2 0 1 4 0 0 2 2 0 1 3 3 5 1 1 0 0 3 9 0 0 1 0 0 0 1 13 7 4 12 50 24 15 74 87 34 30 55 0 2 0 1 2 1 0 2 0 1 2 0
2 0 4 4 10 5 3 9 18 3 4 5 0 0 2 0 0 2 2 1 0 0 0 1 5 16 2 7 13 3 1 9 13 2 16 13 2 2 5 3 0 2 3 3 3 1 2 1 11 4 2 2 3 1 0 10 8 3 11 3 0 2 6 2 4 4 4 4 5 0 1 3 29 22 7 22 161 41 17 191 136 47 40 86 2 0 0 3 0 0 6 4 0 1 1 2
5 2 5 0 5 0 0 4 6 6 9 3 4 1 0 0 9 5 4 1 2 0 0 0 2 2 5 1 6 5 2 1 21 8 12 8 0 0 3 6 3 2 12 4 0 2 4 2 0 2 0 2 0 2 0 7 12 11 10 7 0 0 0 1 5 1 8 10 1 1 4 0 4 5 3 8 33 20 2 33 90 35 27 28 0 2 2 1 3 2 5 4 0 0 0 3
2 1 1 0 0 0 1 0 2 6 14 1 0 5 3 1 0 0 2 3 0 0 0 0 3 1 4 1 3 1 0 4 9 1 19 9 0 2 1 0 0 3 6 2 0 0 1 0 1 0 2 0 0 1 0 0 9 2 5 6 0 0 1 0 0 3 1 1 0 0 2 0 4 7 2 6 47 13 2 47 51 18 38 27 0 1 2 0 0 0 0 1 0 0 1 0
3 0 1 0 0 0 2 0 3 5 8 3 0 0 0 0 2 0 2 3 2 0 0 0 2 2 0 0 2 0 1 1 11 1 12 0 0 4 0 0 0 1 1 0 0 0 0 0 1 2 0 0 0 0 0 0 9 1 18 9 0 0 0 0 0 3 4 2 0 0 0 2 4 5 3 3 63 17 12 52 61 34 41 55 0 1 0 3 1 2 1 0 0 0 0 1
3 2 0 0 4 1 0 4 8 5 14 2 1 1 1 0 5 1 2 3 3 0 0 1 2 8 3 4 0 3 1 4 15 6 31 7 1 0 1 0 0 4 5 3 0 2 3 0 1 1 3 1 2 0 2 0 11 3 15 9 0 0 0 0 5 3 3 2 2 0 0 0 18 5 6 5 53 13 7 67 120 34 25 62 0 0 0 3 5 1 0 7 0 0 0 1
2 1 0 0 5 0 4 1 3 2 7 0 0 3 0 0 3 1 3 2 0 0 0 1 0 0 3 0 2 1 0 6 4 2 16 8 0 0 2 0 2 1 1 1 2 0 2 2 0 0 0 2 0 0 0 0 11 1 13 4 0 0 0 0 2 1 0 0 1 0 0 0 10 3 2 8 53 14 4 71 62 34 32 32 0 0 0 0 2 1 0 2 0 0 0 0
0 5 0 0 2 3 2 1 0 0 14 8 0 2 0 2 0 1 1 1 0 1 0 0 4 3 2 3 1 0 0 6 6 2 7 4 0 0 0 2 2 1 2 4 1 0 0 2 4 5 0 2 0 2 0 3 6 4 13 5 1 1 1 1 1 3 0 1 1 0 0 2 13 10 1 13 96 28 8 82 135 40 63 75 0 0 0 1 0 0 0 2 0 2 1 0
4 0 1 0 7 4 0 4 9 11 13 8 2 0 6 8 19 1 13 2 5 0 1 3 17 15 14 12 4 4 4 5 22 29 17 29 5 1 7 5 2 2 9 6 0 5 3 0 12 4 5 4 2 6 2 2 17 8 7 7 6 2 5 6 8 2 9 3 2 0 0 3 7 15 3 8 33 18 1 39 41 23 16 26 1 6 2 2 10 1 5 4 0 3 2 1
2 3 1 3 2 2 0 3 8 5 8 2 0 2 1 1 7 1 1 5 0 0 2 3 8 3 5 1 3 3 1 6 12 3 7 4 1 14 7 6 0 1 4 3 2 0 0 5 1 3 3 3 8 3 1 1 13 8 3 2 3 3 3 2 4 2 2 2 0 1 2 5 22 6 14 14 64 26 8 67 93 28 39 51 0 4 0 1 1 2 2 0 1 2 0 2
2 1 1 2 4 4 2 3 6 1 2 2 0 0 0 0 0 0 3 0 0 0 1 0 7 7 0 2 1 9 3 6 4 3 3 10 0 3 8 0 2 4 3 5 0 0 5 1 5 3 0 5 2 2 2 1 6 4 7 8 0 2 0 1 0 1 5 1 1 0 2 3 17 8 4 3 28 26 4 34 43 14 12 20 1 0 5 0 0 3 1 3 0 0 2 0
