28 96
4 1 1 2 4 4 2 0 5 3 11 0 0 4 2 2 6 2 3 7 0 1 1 0 6 5 0 1 1 2 3 6 10 1 11 4 1 7 1 1 7 2 0 6 0 0 1 3 6 5 2 4 1 2 2 3 3 8 16 7 2 2 1 1 0 1 0 2 0 3 1 3 5 4 1 3 14 23 5 40 63 15 24 14 1 0 2 0 0 1 2 3 0 1 0 3
1 2 0 0 1 2 0 0 6 3 8 2 0 0 10 0 1 2 2 3 0 0 1 0 2 1 2 1 1 1 2 2 20 2 14 4 0 3 0 3 0 3 0 0 0 0 1 0 7 1 0 2 0 2 1 2 6 1 20 3 0 0 0 2 3 0 0 2 0 1 0 0 6 2 5 2 36 16 9 53 81 17 25 32 4 0 0 0 5 0 0 0 0 2 1 0
8 2 20 3 4 1 48 4 2 3 33 1 2 1 5 1 3 7 7 13 8 4 10 2 4 2 39 0 12 0 43 6 1 4 92 5 0 2 11 3 7 14 10 9 2 7 5 5 6 8 12 8 1 3 17 1 3 6 23 1 3 1 5 3 1 1 7 7 3 4 26 6 8 4 7 4 8 3 43 11 0 1 32 1 6 1 7 2 8 2 7 4 2 2 8 7
5 1 0 3 0 0 0 0 7 1 13 3 1 0 1 0 0 1 6 0 0 0 0 1 7 0 2 1 1 0 0 3 8 7 16 12 4 1 0 0 0 7 1 0 0 0 0 0 10 0 1 0 0 2 0 1 3 3 8 3 0 0 0 0 0 1 0 1 1 0 5 3 4 4 3 4 62 14 14 45 74 44 47 44 0 0 0 0 0 0 0 2 0 0 1 0
3 0 0 2 0 2 4 0 17 5 21 6 4 0 0 2 25 4 24 3 0 1 1 1 4 20 8 27 0 1 0 0 3 6 28 4 0 0 3 3 4 12 14 15 0 0 4 10 5 14 5 8 0 2 2 3 17 54 142 27 1 1 1 0 15 12 17 7 0 5 1 9 3 0 0 9 1 0 0 1 1 6 16 3 0 2 1 2 5 3 1 2 0 1 0 1
0 0 0 1 6 1 0 2 0 0 7 0 3 0 0 0 6 0 6 4 0 0 1 0 8 1 0 0 2 2 1 4 15 1 14 5 0 1 3 4 0 3 4 2 0 0 3 6 0 0 2 0 0 0 2 4 1 2 3 4 0 0 0 1 1 0 0 3 2 0 0 1 1 2 2 6 44 18 7 38 74 23 43 37 0 1 0 0 1 0 0 1 0 3 1 0
4 2 2 0 3 1 0 0 2 1 26 0 2 0 0 0 0 1 1 4 1 0 0 0 0 0 4 2 2 2 0 0 6 5 29 3 2 0 0 1 3 3 1 1 0 2 3 1 0 0 1 5 0 2 3 1 5 8 49 7 0 0 5 0 0 4 6 0 0 0 2 1 7 9 5 5 56 25 9 69 59 16 54 42 2 0 0 0 0 0 4 0 0 0 1 0
6 0 2 3 0 2 0 5 5 4 7 1 2 2 0 1 4 11 6 0 2 3 0 0 3 2 0 6 3 0 1 0 3 9 6 10 0 1 0 0 0 4 4 2 0 2 0 0 8 5 0 0 3 0 0 3 5 9 9 3 0 0 0 0 1 0 0 0 0 1 0 0 8 14 4 28 95 40 8 90 46 16 31 37 1 0 0 0 2 0 0 5 0 0 1 1
4 0 5 3 2 0 3 3 6 2 9 1 0 0 1 0 8 1 10 8 1 0 0 0 0 8 0 3 1 1 0 4 3 3 24 5 0 2 1 1 0 2 2 1 0 0 3 2 3 2 0 4 3 4 1 0 4 4 13 4 0 0 0 0 2 3 3 2 0 2 0 0 12 2 0 2 58 22 7 71 84 32 34 43 0 0 1 0 0 0 2 0 0 2 0 2
1 1 1 0 1 0 2 0 0 6 8 0 0 0 0 0 2 4 1 0 0 0 0 0 4 3 3 0 2 1 0 3 2 4 14 1 0 0 0 3 0 4 1 0 0 0 0 0 2 2 5 3 0 2 0 2 4 2 21 0 0 2 0 0 3 0 6 2 0 1 0 0 6 3 3 8 29 26 4 48 66 18 42 26 0 0 1 0 0 4 0 1 0 1 0 0
11 0 2 0 6 2 0 5 4 0 16 1 0 0 1 0 2 2 9 8 0 0 0 0 2 1 3 1 2 1 0 3 7 7 23 2 0 4 0 0 0 9 1 2 0 1 1 0 5 3 1 2 1 0 1 1 5 10 6 10 0 0 0 0 8 0 2 3 3 4 11 2 10 1 0 7 80 14 10 69 88 26 37 44 0 0 0 0 2 1 0 0 0 0 0 0
0 0 0 0 2 0 0 1 0 0 18 2 0 0 0 2 1 0 1 2 0 0 0 0 0 0 0 2 1 1 0 4 3 5 14 0 0 0 0 0 0 0 3 1 0 0 2 0 1 1 1 5 2 0 0 0 3 3 21 12 0 0 0 0 1 1 1 2 0 0 0 0 16 20 14 9 70 25 20 82 97 28 48 60 0 0 0 0 0 0 0 0 0 0 0 0
2 0 2 3 3 0 0 0 5 3 14 0 3 4 2 0 0 1 9 1 1 0 0 0 1 0 7 0 0 2 0 3 8 2 19 2 4 3 8 1 1 3 1 0 0 0 0 0 0 4 0 2 2 3 1 1 5 3 11 1 2 4 7 2 0 4 0 0 0 0 0 3 8 5 1 2 41 14 4 20 37 14 49 24 2 3 6 0 0 3 0 0 0 0 1 0
0 0 0 0 0 1 0 0 2 0 24 3 0 2 2 0 0 2 1 1 0 0 1 2 12 1 0 2 0 3 0 2 5 0 25 5 0 0 0 0 6 3 3 4 0 2 2 0 4 3 0 1 0 2 0 0 5 3 27 8 1 1 0 0 2 2 2 1 1 0 0 0 4 10 3 10 49 14 5 29 32 11 31 23 0 1 0 0 0 1 3 2 0 2 0 5
0 2 0 3 0 0 0 1 5 8 66 4 0 1 0 0 7 3 10 1 0 0 0 0 11 14 5 30 3 0 0 0 5 2 46 11 0 0 1 0 4 7 8 4 0 2 1 0 0 7 3 2 0 1 0 1 39 38 112 17 0 4 0 0 4 5 12 2 0 0 1 0 3 4 0 5 2 1 0 1 7 5 27 1 0 1 0 0 0 7 1 4 0 0 0 2
2 0 3 0 2 2 0 0 8 0 4 0 2 0 1 0 0 0 0 0 0 0 0 0 1 1 2 2 2 0 0 4 3 2 7 2 0 0 0 0 3 0 0 0 0 0 0 0 2 5 1 0 0 0 0 2 5 2 11 0 0 0 1 0 0 0 0 1 0 0 2 0 9 3 3 3 65 14 11 89 88 37 33 46 0 0 0 0 0 0 0 0 0 0 0 0
2 4 0 0 0 0 0 0 0 2 10 2 0 0 0 0 0 1 1 3 0 1 0 7 2 0 0 1 2 1 1 0 2 6 10 3 1 4 2 15 2 5 13 46 0 7 7 124 2 1 0 0 0 0 0 3 6 0 10 3 3 0 1 4 6 7 7 4 0 10 4 29 1 0 3 3 1 0 0 2 2 3 4 0 0 3 0 3 0 8 1 3 0 3 2 22
1 3 1 2 6 0 1 2 9 10 104 8 1 3 0 2 14 13 31 5 0 3 1 1 11 27 5 48 3 2 0 1 9 16 87 13 1 4 3 0 10 16 28 22 0 7 11 6 7 9 2 13 3 6 0 3 30 50 119 27 1 3 1 2 8 8 23 9 0 1 3 6 1 3 3 13 4 4 0 6 9 6 69 3 2 4 2 2 5 10 6 1 0 1 0 2
0 3 0 1 1 0 2 1 13 7 116 6 0 1 0 3 8 2 20 0 0 1 0 0 8 9 5 31 1 3 0 0 5 6 109 8 0 6 0 1 4 6 8 6 2 1 0 8 4 5 3 7 0 3 1 3 20 37 116 14 0 1 0 2 10 10 12 5 1 2 2 0 4 1 1 5 0 0 3 2 0 8 56 0 0 0 1 2 6 2 5 3 0 0 0 0
2 0 0 1 0 0 0 1 4 1 9 0 1 0 0 0 4 1 0 0 0 0 2 13 3 0 4 1 1 0 0 6 3 1 17 1 0 5 0 11 2 16 14 53 0 6 4 121 1 1 0 2 0 0 0 1 2 4 9 2 0 1 1 4 0 4 6 2 0 0 4 13 6 0 6 2 3 0 0 8 7 3 9 5 1 0 0 4 2 4 2 2 0 6 0 6
2 0 1 1 0 0 1 1 3 3 16 1 0 0 2 0 2 1 0 2 0 1 0 5 6 1 8 5 2 1 0 3 2 6 24 5 0 5 2 4 1 5 4 17 0 2 6 34 1 2 0 4 0 0 0 2 2 4 14 0 0 1 0 0 3 3 1 2 2 0 2 9 17 7 5 6 39 7 8 40 56 14 40 41 0 1 0 0 0 1 0 1 0 3 0 6
1 2 1 4 0 0 0 0 12 14 106 12 2 4 3 4 18 7 37 7 1 4 1 1 7 8 15 32 2 2 1 1 12 7 122 15 0 6 2 2 6 15 48 11 0 9 8 8 4 8 1 19 0 3 0 0 21 45 164 29 0 2 1 0 21 23 26 9 0 0 5 10 2 1 1 7 0 2 0 2 6 6 48 5 0 2 2 0 6 13 13 6 0 0 0 3
5 3 0 0 2 5 1 2 1 4 17 4 2 5 3 1 2 0 0 1 1 1 0 2 11 4 0 3 6 2 0 8 13 8 17 2 0 1 4 8 0 2 2 7 0 1 0 22 11 7 4 4 5 0 2 2 7 5 18 1 0 1 1 5 3 3 1 0 0 0 3 2 5 10 1 4 9 14 7 29 14 19 6 14 0 1 0 4 1 0 0 0 0 2 0 5
2 2 5 5 1 1 4 2 36 17 342 11 3 5 3 10 20 24 56 15 0 4 2 1 25 40 17 83 1 0 1 1 15 19 349 13 5 4 6 4 29 34 74 21 0 14 7 10 8 9 18 16 1 10 1 3 51 97 399 59 0 9 3 4 121 53 83 47 1 2 1 4 2 3 6 10 2 1 1 1 15 18 194 12 3 3 0 1 19 35 26 11 1 1 1 2
3 10 2 1 2 3 1 5 4 5 16 3 1 3 0 3 3 2 2 1 0 0 2 1 11 7 4 5 0 8 2 8 16 3 26 7 1 4 3 3 2 8 6 11 0 2 3 15 3 8 2 7 0 3 0 2 8 1 14 5 1 0 3 4 1 4 10 1 0 0 3 4 1 4 2 3 11 7 4 19 13 17 11 3 0 3 3 3 2 0 5 1 0 1 0 3
0 0 1 7 0 0 2 3 1 14 14 5 1 1 3 1 3 1 4 3 1 2 0 2 6 0 2 1 3 6 0 2 19 40 21 23 0 0 5 1 0 4 1 2 0 2 4 1 5 2 0 1 0 4 4 4 7 12 8 0 1 0 0 0 0 1 0 0 0 1 1 0 2 4 0 3 1 1 0 4 24 46 24 18 0 4 2 1 1 3 3 1 0 2 1 2
6 6 2 0 2 0 2 2 3 8 16 3 0 0 2 0 1 1 3 3 3 5 1 1 5 4 5 4 5 1 1 3 16 25 23 17 0 0 4 2 1 1 4 10 0 0 7 2 15 4 0 2 2 2 1 7 6 7 7 10 0 0 4 3 2 1 4 5 0 0 2 0 8 10 4 9 11 5 1 10 9 26 17 7 3 4 1 2 1 8 2 7 0 2 2 4
9 0 2 2 3 6 1 7 8 9 21 2 1 6 1 1 3 6 11 1 0 3 5 2 8 8 0 4 6 9 5 16 12 4 24 3 0 2 2 7 7 10 9 33 0 3 7 30 7 4 3 5 2 5 2 10 9 9 38 4 2 3 0 4 0 3 1 5 3 0 3 9 11 6 2 14 23 3 6 27 30 10 18 15 0 1 2 0 3 2 2 4 0 1 8 6
