64 96
1 1 0 0 0 0 0 1 1 1 2 0 30 12 58 15 8 1 4 1 0 1 5 0 5 1 0 0 0 0 0 0 3 9 4 1 29 59 138 58 3 1 2 2 0 0 10 5 1 1 0 3 0 1 0 0 0 2 6 0 41 14 36 7 3 1 3 0 3 0 3 0 0 1 1 1 4 1 2 1 1 2 1 2 29 23 40 20 2 1 0 0 1 6 2 0
25 10 3 4 0 0 1 1 3 1 3 1 1 0 3 2 2 2 1 3 0 0 0 1 11 17 11 9 3 8 1 2 1 3 2 1 1 2 7 4 0 3 3 4 0 1 4 0 10 72 35 25 4 5 1 0 10 9 11 5 1 0 3 1 1 3 0 1 4 0 2 2 19 29 8 9 3 4 2 4 4 9 2 2 0 5 1 1 0 0 2 0 3 0 0 0
3 1 0 0 0 1 0 0 51 110 17 64 0 0 1 2 0 0 1 0 0 0 0 0 0 0 0 0 0 0 0 1 112 317 30 201 0 0 0 0 0 0 2 1 0 0 1 1 1 3 0 2 0 0 0 0 86 284 37 180 0 0 0 0 0 0 0 0 0 1 0 0 5 1 0 2 0 4 0 1 29 87 14 49 0 0 0 0 0 0 1 0 1 0 0 0
12 2 2 2 0 2 0 0 18 10 8 4 0 4 0 8 6 2 0 8 0 0 0 0 6 8 8 37 0 2 0 8 16 6 6 22 0 0 6 2 4 8 6 4 0 10 0 5 8 8 4 6 0 0 2 0 8 14 8 6 0 0 6 0 2 0 10 0 0 8 0 0 0 10 14 13 6 6 0 2 8 12 4 8 2 2 0 0 4 2 6 0 0 2 0 0
4 0 0 0 0 0 0 4 16 12 201 8 5 27 0 8 20 8 24 12 0 2 4 0 2 12 12 18 0 0 2 2 10 22 182 10 4 2 4 8 4 6 16 2 0 6 0 2 2 12 2 6 0 4 0 0 40 92 359 32 0 0 2 4 28 22 14 8 0 0 0 2 2 6 10 12 2 6 2 4 12 17 91 2 0 4 0 0 14 6 22 12 0 6 0 2
0 3 0 0 0 3 0 0 0 8 130 3 1 2 0 0 6 4 9 5 0 0 0 2 1 3 0 9 0 0 0 0 3 1 152 2 0 5 0 0 5 6 13 8 0 3 6 7 1 3 1 4 0 0 0 0 4 14 162 19 0 3 0 0 17 3 9 6 0 0 0 2 0 1 0 1 1 2 1 0 0 10 74 1 1 4 0 0 3 2 3 3 0 0 2 0
0 3 0 0 0 3 0 0 0 6 133 2 1 3 0 0 6 6 8 5 0 0 0 2 7 2 0 9 0 0 0 0 3 1 155 2 0 4 0 0 4 14 18 7 0 4 6 7 1 4 1 5 0 0 0 0 4 14 170 18 0 3 0 0 17 4 11 6 0 1 0 3 0 1 0 1 1 3 1 0 0 10 79 1 1 5 0 0 2 2 2 3 0 0 2 0
13 6 11 13 3 0 0 2 8 12 10 4 0 0 2 0 15 0 8 0 0 0 0 4 41 12 8 17 2 9 3 6 6 8 4 4 0 0 2 9 0 4 2 4 0 0 0 4 15 28 13 14 0 0 0 0 0 2 12 5 2 4 0 0 0 0 2 3 0 0 0 0 6 23 12 5 2 2 2 0 0 16 6 12 2 2 10 0 2 6 4 0 0 0 0 0
6 12 8 0 0 0 2 10 10 6 18 4 0 0 10 2 30 0 32 10 2 0 0 0 22 14 4 8 4 4 2 8 6 8 22 2 0 0 18 6 6 8 10 2 0 0 8 2 6 6 6 2 0 4 0 2 10 8 18 12 0 0 4 2 6 4 0 10 0 0 6 0 8 12 10 0 18 10 0 8 4 8 6 12 0 0 0 2 5 8 22 0 0 6 6 0
20 0 6 8 0 2 4 4 0 2 8 2 0 0 2 0 10 0 8 8 0 0 0 0 10 10 14 8 0 4 2 6 16 2 2 6 0 6 4 2 0 6 4 0 0 2 2 0 20 62 76 10 0 14 4 0 16 24 28 4 0 2 0 0 12 2 2 6 0 0 0 4 16 16 8 8 4 2 0 2 0 4 4 2 2 6 4 0 2 2 0 4 0 0 2 2
8 2 4 0 0 0 0 0 0 4 10 12 2 6 2 2 6 12 6 4 0 0 0 0 8 8 12 2 4 0 6 5 20 2 6 8 8 4 0 0 0 2 10 2 0 6 0 0 14 17 14 16 2 4 2 0 12 8 10 6 0 2 0 0 0 10 4 6 0 0 0 0 4 2 10 14 8 4 0 4 10 14 6 4 0 7 0 0 4 0 2 2 0 0 0 6
4 0 6 0 0 7 4 8 6 2 4 4 0 16 6 4 34 10 8 20 0 0 2 0 12 10 16 19 2 2 2 2 10 15 12 10 0 2 14 6 6 2 10 24 0 4 4 4 6 10 14 8 0 4 8 4 10 2 4 6 6 0 8 0 8 2 4 2 0 0 0 0 6 6 4 12 6 4 0 4 7 12 0 4 0 14 2 0 2 0 6 0 2 2 0 0
12 7 10 2 0 2 0 2 10 10 10 6 0 10 4 0 4 4 8 8 0 4 2 2 6 6 0 2 2 0 2 0 10 6 8 2 2 6 2 2 0 0 4 0 6 8 2 20 16 10 4 4 0 6 0 10 8 16 14 0 0 0 0 0 2 4 2 2 2 2 0 2 18 22 6 2 0 4 2 20 18 4 12 3 0 0 0 2 4 6 0 8 0 4 0 0
4 6 19 2 2 6 0 4 2 2 8 0 0 0 4 0 8 2 4 0 0 0 0 0 16 8 24 2 8 2 0 6 2 2 10 4 0 4 2 8 0 6 0 0 0 0 0 2 14 78 37 10 0 6 0 2 6 12 14 6 0 0 0 0 0 2 0 0 0 0 0 0 8 34 2 16 4 8 0 6 8 4 4 4 4 0 4 0 0 0 2 0 0 0 2 0
2 11 3 2 0 0 2 2 9 2 4 0 0 2 2 0 4 14 13 0 2 0 0 0 26 10 21 9 0 0 0 0 3 11 8 15 2 5 3 0 4 2 7 10 0 0 0 0 14 6 6 2 0 0 2 3 4 8 5 7 9 0 4 4 0 0 17 3 0 4 2 0 3 25 5 8 2 5 0 13 6 13 0 13 0 9 5 3 4 0 6 0 0 4 0 0
8 0 8 0 0 0 0 0 2 2 8 0 2 6 0 2 14 2 6 8 0 2 2 0 6 2 2 10 2 2 2 10 6 12 10 12 2 2 10 6 8 2 0 10 0 2 4 6 15 6 16 32 0 0 0 2 18 24 5 20 0 0 2 0 0 7 6 4 0 0 2 0 8 4 8 4 0 2 0 0 0 10 4 8 0 0 2 8 0 0 4 2 4 2 2 2
4 5 0 2 0 0 6 3 4 5 13 10 0 0 4 0 10 0 12 4 0 3 0 0 6 18 20 14 0 0 0 5 10 9 2 7 4 0 6 2 6 12 2 4 0 2 0 9 6 18 10 6 0 14 0 0 2 8 14 10 2 0 4 0 5 0 4 2 4 0 0 0 8 21 2 4 0 0 6 0 5 2 4 10 0 2 0 3 3 0 3 6 0 2 0 0
8 3 4 2 4 0 2 0 10 2 10 4 12 4 4 2 8 6 13 4 0 4 0 10 14 18 8 18 5 0 0 0 16 14 4 2 4 18 4 0 2 2 8 6 0 8 6 0 4 18 8 0 0 4 0 0 26 10 2 4 2 8 0 0 6 2 12 4 0 0 0 0 4 18 6 2 2 4 0 6 6 14 2 4 2 4 2 2 0 6 14 4 0 0 2 0
12 16 54 28 8 2 10 0 2 4 4 0 0 0 2 0 2 0 4 8 0 2 2 0 31 46 28 20 6 12 2 12 2 2 10 14 0 4 10 0 2 0 0 0 0 0 0 0 32 180 140 70 4 10 30 0 20 38 56 26 2 2 0 0 0 0 0 6 0 0 0 0 14 57 14 26 10 7 2 0 22 16 6 10 0 4 4 0 0 6 0 0 4 0 0 0
14 2 6 2 4 0 0 0 8 4 2 0 2 0 0 0 4 2 6 0 0 0 0 0 6 8 16 14 10 0 0 0 8 14 14 0 0 4 4 2 0 0 2 0 0 4 4 0 37 44 20 4 0 8 0 0 26 12 20 8 0 0 6 0 0 14 0 4 0 0 0 0 2 10 6 12 4 0 0 0 4 4 2 2 0 2 0 2 0 16 8 2 4 0 0 0
0 4 11 0 0 6 0 2 6 2 2 10 4 4 12 6 8 2 4 14 0 0 2 0 20 2 10 6 4 2 2 0 10 10 12 23 6 14 16 6 0 4 12 12 0 0 6 0 17 22 14 0 2 2 0 0 4 14 18 8 0 10 0 0 8 2 2 4 0 0 6 0 12 16 6 10 4 2 0 2 24 16 10 12 0 10 0 0 2 0 2 0 0 0 0 4
6 4 10 2 6 0 0 8 4 16 6 0 2 0 4 0 14 8 6 8 2 8 0 0 2 6 6 6 2 0 4 4 6 10 14 12 4 12 16 0 4 4 12 10 4 2 2 10 4 2 10 6 0 2 0 2 6 14 8 10 4 4 4 0 0 2 10 4 2 0 0 0 6 8 8 8 8 2 0 8 0 12 0 4 0 8 0 6 14 10 4 0 0 0 0 0
6 10 4 2 2 2 0 0 6 2 2 2 2 0 6 0 0 0 0 0 0 0 0 0 31 16 18 4 2 6 4 6 4 4 19 4 0 0 0 2 0 6 0 4 0 2 0 2 52 124 77 24 4 0 4 0 18 28 32 18 0 8 0 0 0 2 0 0 0 0 0 0 12 40 24 8 2 4 0 8 10 6 8 0 2 6 4 0 2 0 0 0 0 0 0 0
0 12 7 3 2 3 3 0 3 7 60 12 0 4 2 0 11 4 20 14 2 11 0 0 11 8 29 4 6 5 4 13 9 18 39 10 2 0 7 0 4 1 26 0 2 4 3 2 18 10 12 11 5 7 6 3 13 16 33 23 0 2 3 4 9 11 17 6 0 1 0 0 5 24 5 16 2 1 6 6 3 15 22 8 2 0 1 0 1 3 3 0 0 1 0 3
8 0 0 0 0 2 2 0 2 2 8 10 0 0 0 0 21 8 18 14 0 14 0 0 14 13 0 8 0 8 0 6 12 8 16 10 2 0 7 2 4 4 22 4 0 2 2 23 14 26 2 16 0 16 0 0 8 8 12 14 0 2 4 6 8 6 6 4 0 2 2 2 12 12 4 4 2 4 0 0 4 10 8 10 0 2 6 0 10 10 14 6 0 0 0 2
14 20 6 12 9 3 4 8 40 28 118 35 9 6 5 2 53 15 99 46 5 4 10 4 7 5 15 7 4 16 13 10 35 38 161 40 10 5 3 7 23 22 89 26 7 13 13 10 15 4 10 14 4 16 6 12 32 43 126 51 1 0 12 1 13 22 49 29 1 7 10 2 5 6 7 4 12 12 10 13 30 23 61 22 1 1 1 2 10 19 40 17 4 11 9 2
2 8 4 2 0 2 2 0 2 6 15 0 6 0 2 0 8 4 12 6 2 6 13 10 6 6 6 4 0 4 0 6 12 12 12 2 10 2 6 6 6 10 20 14 6 2 20 28 2 0 0 2 0 0 0 2 4 22 8 4 0 2 0 0 14 0 12 2 0 4 2 11 2 4 2 0 0 2 0 12 15 16 10 8 0 4 0 0 6 4 0 8 8 7 12 32
10 3 4 0 1 0 2 0 14 3 36 4 2 10 6 1 15 6 28 16 5 0 0 0 24 11 20 0 1 2 5 3 9 10 29 9 6 7 7 1 4 9 18 8 0 6 4 6 17 22 4 3 2 5 5 4 20 21 20 9 0 9 6 1 2 12 19 9 2 2 16 1 5 6 2 12 2 2 3 4 14 14 8 7 0 1 2 0 1 2 12 9 6 8 0 4
9 3 5 3 6 1 5 1 5 17 48 7 0 1 0 1 11 10 24 5 0 3 5 2 21 9 14 7 4 15 16 4 13 13 55 19 3 1 11 1 7 7 39 8 2 9 6 2 3 10 17 6 0 3 11 1 11 16 43 15 0 0 1 1 6 12 17 11 2 2 9 5 8 7 10 1 2 3 1 5 15 9 17 5 2 0 1 0 1 3 9 3 0 5 2 1
4 9 6 6 2 0 0 0 8 4 4 4 8 0 2 2 19 0 4 4 0 2 0 0 4 7 6 6 2 3 2 2 32 23 23 31 0 0 4 6 6 4 0 6 0 0 0 0 4 0 0 0 0 2 0 4 17 31 17 16 0 0 0 0 18 2 0 2 2 0 3 0 13 15 0 4 3 3 2 5 14 0 18 18 0 0 0 0 18 0 22 0 0 4 0 0
10 4 0 0 8 0 2 4 2 2 8 2 0 0 0 0 6 15 26 10 0 2 0 2 6 20 10 0 0 2 2 0 18 10 7 0 11 6 2 6 0 6 10 2 0 2 0 0 8 10 12 6 0 12 0 4 2 14 2 2 0 2 6 0 2 2 2 4 0 0 0 0 2 15 2 16 0 8 4 5 8 16 8 2 0 4 0 0 13 2 0 0 0 0 4 2
12 55 13 12 5 1 4 5 16 5 46 24 5 7 12 10 47 6 70 20 0 1 6 2 35 29 32 14 8 8 7 11 18 12 77 25 6 32 62 10 14 9 51 14 0 10 28 3 31 16 13 22 2 4 1 3 20 33 56 33 5 2 18 7 14 17 22 19 4 6 5 2 18 15 11 23 3 6 6 10 17 20 11 13 0 0 31 16 22 6 19 7 6 4 6 13
0 0 4 8 0 0 0 0 4 8 4 0 4 6 0 2 8 4 14 14 0 2 0 0 4 6 6 2 0 0 6 0 24 12 6 4 2 12 4 8 4 2 11 10 0 0 16 14 6 6 8 6 0 0 0 6 8 10 18 12 0 0 2 2 8 4 0 0 0 2 0 4 6 6 0 10 2 16 0 0 10 2 8 6 0 2 2 0 4 6 2 0 2 6 2 10
8 6 12 6 4 2 0 0 0 6 8 6 0 0 2 0 28 4 12 4 0 0 0 4 24 20 26 6 4 0 0 14 14 12 6 10 14 4 23 2 12 4 16 4 0 4 4 2 14 8 10 22 0 0 2 0 8 18 2 18 0 0 8 0 8 10 6 0 0 0 4 2 10 13 2 6 8 0 0 20 16 10 8 8 0 0 2 6 4 0 10 0 0 0 2 5
2 10 2 4 6 0 0 0 0 6 2 0 4 0 2 0 20 12 38 14 0 2 0 0 10 4 12 10 0 2 8 4 14 0 6 6 4 0 0 6 2 5 8 6 0 3 4 2 8 4 0 6 0 4 0 4 2 4 10 8 0 0 10 0 2 4 6 0 0 2 2 0 6 12 6 15 6 0 0 0 8 4 0 4 2 6 4 4 2 0 2 0 0 6 0 8
8 4 0 0 0 0 0 0 233 1023 212 438 0 0 4 0 10 2 6 2 0 0 0 0 4 14 8 12 2 8 0 2 866 3546 559 2240 4 0 4 6 0 0 6 0 0 4 0 2 6 12 6 0 0 0 0 0 832 3173 494 1728 0 4 0 0 0 8 0 8 0 0 2 0 24 6 2 6 4 0 0 6 170 691 91 272 0 0 2 0 0 4 2 0 0 0 2 0
8 2 4 8 2 0 4 2 2 2 18 2 0 0 6 0 8 0 8 4 0 0 0 2 6 10 6 8 4 6 0 6 16 6 4 14 2 8 6 12 2 6 8 6 0 0 2 8 12 26 4 11 4 2 6 2 2 12 6 6 0 6 6 2 0 4 6 8 0 10 0 0 14 11 4 8 0 6 2 21 15 4 0 4 0 4 0 10 2 0 4 0 0 2 6 2
0 6 3 3 0 2 1 4 2 4 4 1 10 12 55 11 6 9 9 1 0 0 0 0 4 2 0 9 1 7 0 3 6 4 16 5 29 51 177 37 6 0 6 1 0 1 19 0 2 5 3 3 0 0 0 0 1 8 5 2 15 17 42 5 9 3 0 1 0 0 2 0 9 14 1 1 3 1 0 2 0 11 2 3 16 17 39 9 1 1 2 0 1 0 4 0
4 4 2 0 1 0 0 0 1 2 2 0 9 1 24 8 8 1 3 0 3 0 1 0 3 3 2 3 0 3 0 1 5 4 0 5 29 23 79 28 5 0 3 4 0 0 2 0 5 1 2 3 1 1 1 2 0 1 1 2 18 4 38 0 1 5 3 7 0 0 2 0 1 3 1 3 0 1 2 0 3 8 4 1 11 10 23 10 1 4 6 0 0 0 2 0
7 10 7 4 1 0 0 0 2 3 3 2 41 22 117 16 5 0 10 3 2 0 6 0 11 9 7 10 3 2 2 0 5 15 10 17 64 78 355 72 0 3 5 7 2 3 3 1 10 24 34 8 3 1 0 0 6 2 8 7 71 20 75 13 10 3 3 0 0 0 0 0 5 12 10 5 3 3 0 0 7 11 3 1 45 38 91 35 3 1 2 1 0 1 4 0
2 1 1 3 0 1 0 3 3 2 3 1 28 4 61 12 13 4 9 3 0 0 0 0 7 1 2 9 0 0 0 0 1 4 4 4 44 59 188 44 2 1 2 0 0 0 8 4 10 14 20 8 0 2 4 0 8 6 6 8 17 14 29 2 2 1 0 0 1 0 0 0 0 4 5 3 0 2 0 0 6 1 1 0 23 15 43 12 1 1 2 0 1 0 2 2
1 2 0 1 1 0 0 0 4 1 3 4 31 4 35 8 6 1 9 1 1 0 0 0 9 6 2 5 0 1 2 2 3 9 5 3 32 26 172 43 0 0 2 10 0 2 1 1 0 7 5 0 0 2 0 0 0 0 3 4 22 9 43 17 5 2 4 2 0 1 4 3 12 1 2 4 0 1 0 0 2 0 0 3 18 26 33 16 0 2 2 0 0 1 0 0
12 7 16 5 0 2 2 0 1 1 5 0 1 4 4 1 22 1 4 6 0 1 0 1 13 14 35 9 0 2 4 0 7 2 4 2 0 5 3 0 2 1 1 14 1 1 0 0 24 66 56 19 0 5 5 0 2 22 24 10 0 5 0 2 0 2 3 1 0 1 0 0 3 39 23 4 1 5 6 9 3 2 1 3 2 0 0 0 0 0 0 0 0 2 2 0
0 4 0 1 0 0 2 1 6 4 51 6 1 4 1 0 4 3 6 4 0 3 0 0 6 11 4 12 0 3 0 1 7 15 65 5 2 2 1 0 2 5 4 4 0 2 2 3 3 9 8 5 0 1 0 1 18 18 83 14 2 1 2 3 6 0 7 4 0 0 1 0 6 1 3 3 2 2 2 0 7 5 31 2 0 0 0 0 4 2 2 4 0 0 2 0
0 5 2 1 0 1 2 1 10 5 53 4 2 4 3 0 7 3 6 6 0 2 0 0 11 11 10 14 0 3 0 1 7 17 68 7 5 6 9 3 4 9 6 4 0 2 2 3 6 14 15 10 0 2 1 1 30 20 89 15 7 1 3 2 6 3 7 9 0 0 2 1 9 6 4 4 2 5 3 0 8 9 34 3 5 4 0 0 4 2 2 4 0 0 2 0
4 4 1 1 0 0 1 0 5 2 5 5 9 8 18 1 2 1 2 13 0 1 0 0 4 3 3 4 1 0 1 4 5 4 3 1 20 4 67 26 0 3 2 1 1 1 2 2 10 2 2 2 0 0 2 1 3 3 6 4 17 3 11 0 4 2 4 2 0 0 7 1 2 2 6 4 1 2 0 0 4 5 6 2 13 6 40 5 0 1 1 0 0 0 1 3
9 2 5 1 0 1 0 0 1 1 2 1 12 2 18 0 7 2 12 4 0 0 1 2 4 1 1 4 0 0 0 1 11 2 6 3 14 16 53 10 2 4 3 0 1 0 1 2 1 9 4 0 0 0 0 1 8 3 15 1 7 6 15 14 0 4 1 0 1 0 1 0 7 8 6 2 2 8 0 5 1 8 3 3 5 4 15 1 2 2 2 0 5 7 1 3
16 6 5 1 6 3 3 2 0 0 8 3 1 2 6 0 9 11 8 12 0 0 0 1 12 21 18 5 2 3 0 1 12 5 5 7 2 2 4 2 0 2 4 6 0 0 1 0 27 33 36 10 2 2 3 0 10 23 25 5 0 0 2 0 0 1 5 2 0 0 0 7 14 12 16 12 3 2 5 9 14 2 5 6 0 2 8 0 4 5 0 0 3 0 0 5
0 2 1 0 0 0 0 0 6 15 5 16 0 2 1 4 1 1 0 0 0 0 0 2 2 0 1 0 0 0 0 1 30 94 13 53 0 0 1 1 0 1 2 4 0 0 0 0 0 1 0 0 0 0 0 0 27 68 13 37 0 0 0 0 0 0 2 0 0 0 0 0 0 1 1 0 0 0 0 2 4 15 4 8 0 0 0 0 1 0 1 0 2 0 0 5
0 2 1 0 0 0 0 0 6 16 5 16 0 3 1 4 1 1 2 0 0 0 0 2 2 0 1 0 0 0 0 1 31 94 16 56 0 0 1 1 0 1 2 4 0 0 0 0 0 1 0 0 0 0 0 0 27 70 13 40 0 0 0 0 0 0 3 0 0 0 0 0 0 1 1 0 0 0 0 2 4 16 4 8 0 0 0 1 1 1 1 0 2 0 0 5
2 2 2 1 0 7 5 0 5 1 56 4 0 1 0 0 5 4 18 6 0 0 0 0 1 11 2 11 0 0 0 0 4 3 73 3 0 3 0 3 1 8 18 2 0 1 6 4 2 4 2 4 0 0 0 0 12 34 103 12 1 2 0 0 17 12 9 10 0 0 1 0 2 3 2 5 0 1 1 0 0 4 27 1 0 0 0 1 5 1 13 6 0 2 0 1
2 2 2 1 0 7 0 0 4 1 57 4 0 1 0 0 5 4 23 6 0 0 0 0 1 12 2 11 0 0 0 0 4 3 73 3 0 3 0 3 1 13 22 2 0 1 7 5 2 4 4 4 0 0 1 0 13 32 107 11 1 2 0 0 18 15 9 10 0 1 2 0 2 3 2 5 0 1 1 0 0 4 28 2 0 0 0 1 4 3 13 6 0 2 0 1
2 3 2 0 0 10 0 0 5 1 45 4 0 1 1 0 3 2 16 7 0 0 0 0 1 9 1 10 0 0 0 0 4 4 58 3 0 2 0 3 2 6 13 2 0 1 4 3 2 4 2 5 0 1 2 0 11 21 87 9 1 1 0 0 18 14 5 9 0 1 2 0 3 4 2 5 0 1 1 0 0 4 24 2 0 0 0 1 4 2 8 5 0 1 0 1
1 4 3 1 0 1 0 1 8 5 98 12 2 6 2 2 3 1 10 4 0 2 0 0 4 5 2 13 1 1 0 0 6 8 64 6 0 3 3 0 5 4 6 7 0 3 1 1 2 2 1 8 1 2 2 0 11 35 81 6 0 1 0 0 11 11 13 14 0 0 0 0 0 9 3 5 0 0 0 2 8 2 45 4 0 4 0 0 5 9 5 4 1 0 2 1
4 3 4 6 2 5 4 9 44 33 278 20 17 20 0 1 29 21 42 26 0 0 1 4 27 45 37 117 3 1 4 1 19 29 262 30 5 16 10 8 25 18 87 25 1 11 6 9 12 26 6 23 7 30 6 7 118 229 443 100 5 15 0 10 80 62 98 63 1 5 1 5 2 10 2 20 3 2 2 5 30 46 165 31 2 7 1 7 28 17 38 21 4 0 0 0
15 16 8 7 6 2 6 0 7 6 4 1 7 11 16 1 26 9 45 6 2 2 8 1 23 24 8 18 8 5 4 7 9 12 14 18 23 31 123 6 7 26 49 22 7 4 17 1 27 25 14 20 0 6 2 1 12 12 6 12 4 18 12 5 6 4 12 6 2 4 4 3 21 11 11 26 4 6 1 4 12 24 1 9 9 15 24 7 19 10 26 4 2 0 11 4
1 2 3 10 2 1 0 0 2 3 4 1 4 2 3 0 15 9 16 4 4 1 1 2 9 4 8 7 3 1 0 2 4 10 4 2 8 14 49 8 3 10 14 11 0 2 14 4 9 10 4 3 0 1 1 1 2 4 6 3 3 10 13 2 9 9 4 2 1 0 4 1 9 4 2 7 0 2 0 2 3 2 7 7 3 7 10 1 4 5 9 1 0 5 5 2
9 4 1 2 1 2 0 7 13 4 9 3 6 11 14 2 10 5 18 5 0 1 1 1 5 4 4 7 3 0 1 4 23 16 16 35 1 7 10 6 5 15 5 18 0 5 1 2 4 2 6 3 3 5 0 8 20 10 10 19 3 0 4 0 4 25 8 11 0 0 0 0 4 3 0 5 2 0 0 8 16 9 11 23 5 8 4 4 6 14 4 1 0 1 1 0
2 1 1 0 1 0 0 2 1 5 7 2 0 3 5 3 1 5 6 8 0 1 0 0 25 22 78 16 0 0 3 2 17 3 13 12 0 0 3 1 1 33 16 29 0 0 0 4 6 9 2 0 1 2 0 0 12 1 14 7 0 0 1 0 4 22 12 15 0 0 0 1 12 8 14 8 0 3 0 2 10 4 4 0 0 1 0 1 1 6 10 3 0 1 0 2
3 1 2 1 2 0 0 1 5 4 3 6 0 0 1 3 10 7 9 7 0 0 0 0 24 20 58 13 0 1 0 3 14 3 3 5 0 0 0 0 8 28 18 35 0 1 0 0 5 4 2 4 0 4 1 0 8 2 5 2 0 0 1 0 2 20 7 19 0 0 0 0 1 8 7 2 3 0 0 4 4 6 3 3 3 0 0 3 1 8 10 3 0 1 1 0
3 4 2 2 0 0 0 1 7 6 2 1 2 0 2 0 4 13 13 4 0 2 0 0 9 9 35 13 0 1 2 0 6 6 7 3 0 1 3 0 3 22 38 20 0 0 0 0 1 2 0 3 0 1 0 0 8 9 11 8 3 0 0 0 8 20 18 14 0 0 0 0 2 4 5 7 1 0 0 2 8 6 6 4 0 1 1 0 2 13 6 8 0 1 1 0
3 1 1 6 0 0 0 2 10 2 3 2 0 3 0 2 6 9 15 5 0 2 1 1 5 1 17 5 0 0 1 2 6 13 3 15 2 0 1 2 9 39 34 30 0 0 0 1 1 1 3 4 0 0 0 1 4 2 2 4 1 0 1 0 4 13 11 13 0 0 0 0 4 12 1 4 0 0 0 1 4 4 0 1 0 1 0 0 1 19 3 14 0 3 0 4
5 7 3 6 1 1 0 1 1 13 3 0 0 2 6 3 1 11 9 11 0 0 3 0 18 4 8 6 0 2 2 0 19 16 15 6 0 0 8 0 0 24 22 24 0 0 0 0 3 5 9 5 0 0 0 0 15 5 3 8 4 4 2 0 3 18 9 2 0 0 0 0 17 7 1 9 2 4 0 1 3 22 10 7 1 1 2 0 6 10 8 3 0 0 0 0
27 16 4 22 1 5 3 3 3 8 2 13 12 17 32 14 60 17 105 12 2 3 15 6 29 48 11 24 5 10 4 6 14 32 1 12 54 149 311 31 25 94 70 17 6 2 74 3 24 25 11 25 8 0 2 6 11 25 8 9 22 37 85 10 39 27 30 4 4 0 22 4 11 44 7 29 7 7 2 11 15 17 10 14 10 16 55 7 27 21 62 15 4 3 28 2
