54 96
4 1 0 0 20 11 6 13 8 19 6 17 0 0 0 0 0 0 0 0 0 0 0 1 0 1 0 2 11 11 6 10 10 9 10 13 0 0 0 0 0 0 0 0 0 0 0 0 2 0 0 1 7 13 5 14 14 13 2 19 0 0 0 0 0 0 0 0 0 0 0 0 0 1 0 0 20 16 9 8 11 8 7 10 0 1 0 2 0 0 0 8 0 0 0 0
0 7 3 7 15 12 13 17 21 14 8 19 0 1 2 0 0 0 0 2 0 0 1 0 8 4 1 0 22 15 10 27 28 29 9 30 0 0 0 0 2 0 0 0 0 0 1 2 6 16 4 3 22 13 8 13 44 28 6 27 0 3 0 0 0 0 1 1 0 0 0 0 2 9 2 5 27 20 8 37 26 15 7 22 0 0 1 0 0 0 1 0 0 0 0 0
0 8 1 1 6 9 2 12 13 7 16 16 0 0 3 0 8 10 4 5 0 0 1 0 1 3 1 4 13 12 3 10 7 16 4 24 2 2 2 0 6 4 15 18 0 2 0 1 3 3 0 0 10 6 1 6 12 12 6 19 0 1 1 2 8 8 5 10 0 0 5 0 2 1 0 7 8 8 2 5 16 5 6 20 1 0 0 0 3 12 8 12 0 0 0 1
0 8 1 1 6 9 2 12 13 7 16 16 0 0 3 0 8 10 4 5 0 0 1 0 1 3 1 4 13 12 3 10 7 16 4 24 2 1 2 0 7 4 15 18 0 2 0 1 3 3 0 0 10 6 1 6 12 12 6 19 0 1 1 2 8 8 5 10 0 0 5 0 2 1 0 7 8 8 2 5 17 5 6 20 1 0 0 0 3 12 8 12 0 0 0 1
1 1 0 0 7 5 2 1 13 9 4 17 0 0 0 2 6 1 3 7 0 1 0 0 0 7 1 0 4 4 2 5 13 17 8 11 0 0 0 0 0 6 3 7 2 0 0 4 5 0 0 1 9 11 4 8 15 15 2 9 1 0 0 0 1 1 5 2 1 0 0 0 1 1 0 4 3 2 3 2 11 8 3 13 3 2 0 1 4 7 0 9 0 3 0 1
14 8 1 22 30 18 12 20 124 121 59 110 6 11 7 6 48 53 61 87 11 6 21 16 28 19 6 21 39 35 18 43 171 200 85 185 5 15 11 9 31 90 114 90 10 18 23 11 20 23 9 19 31 32 20 39 132 175 77 162 9 13 11 8 48 70 74 50 8 16 17 13 24 29 8 21 25 37 11 20 175 172 36 139 7 11 10 20 58 113 79 111 6 12 14 28
1 1 0 0 7 6 3 3 5 5 1 12 0 0 0 0 0 1 0 0 0 0 2 0 2 1 0 2 7 1 8 9 9 4 7 7 0 0 0 0 0 0 0 0 0 0 0 2 0 4 0 7 6 4 0 8 11 8 1 11 0 0 0 0 0 0 0 0 0 0 1 0 6 2 0 0 2 3 0 8 5 5 0 1 2 0 0 0 0 0 0 0 0 0 0 0
2 1 1 0 3 4 0 2 8 12 1 2 0 0 0 0 0 1 0 0 0 0 0 0 2 0 0 0 5 3 0 13 12 9 2 18 0 0 0 0 0 0 0 0 0 0 0 0 0 2 1 0 2 3 1 6 16 13 7 13 0 0 0 0 0 0 0 0 0 0 0 0 2 2 5 3 4 2 8 5 9 6 8 9 0 0 0 0 0 0 0 0 0 0 0 0
4 0 0 0 4 7 0 3 8 4 0 2 0 0 0 2 1 2 1 1 2 2 1 0 0 0 0 0 7 4 3 5 8 4 1 2 0 0 1 0 0 1 0 0 0 1 5 0 1 1 1 0 3 4 2 4 8 10 4 7 0 1 0 1 0 1 0 5 7 3 6 0 0 0 1 6 3 4 0 1 5 4 3 17 0 2 1 7 2 0 0 3 2 5 5 4
2 3 2 1 30 24 1 13 32 41 17 22 0 0 0 0 0 0 0 0 0 0 0 0 8 0 5 5 28 28 11 28 42 24 12 39 2 4 2 2 0 0 0 0 0 2 0 1 2 7 2 5 20 20 5 28 31 16 14 22 0 0 0 0 0 0 0 0 0 0 0 0 5 5 3 1 26 29 7 29 27 34 4 41 0 0 1 0 3 4 0 0 0 0 1 0
3 0 2 2 5 7 0 2 4 9 3 6 0 0 0 0 0 0 1 0 0 0 0 0 0 5 0 3 5 7 2 5 10 4 3 20 0 0 0 0 0 0 5 0 0 0 0 2 1 1 0 1 8 7 5 20 19 18 12 23 0 0 0 0 0 1 0 0 0 1 0 0 0 3 0 1 4 3 4 14 13 28 4 16 0 0 0 0 0 0 0 0 0 5 1 0
3 0 1 1 7 7 1 5 11 9 2 2 0 0 0 1 0 0 0 1 0 0 0 0 1 0 0 0 9 4 3 11 18 15 6 14 1 2 0 0 0 0 0 2 0 0 0 0 2 0 0 0 3 9 0 3 15 22 11 14 0 0 1 0 0 0 0 0 0 0 0 0 0 4 1 1 12 9 0 5 16 23 1 17 0 0 0 0 0 0 0 2 0 0 0 0
7 2 1 2 1 7 2 0 8 8 4 5 1 0 0 0 0 0 0 0 0 0 0 0 7 8 8 9 1 0 0 4 3 3 0 12 0 0 1 2 1 0 0 2 0 0 0 1 6 11 5 4 4 5 0 2 11 8 1 8 1 1 0 1 0 0 0 0 2 0 0 0 3 8 1 5 1 8 0 0 6 5 1 4 0 1 1 1 0 2 0 1 1 0 0 1
3 5 0 0 10 6 2 18 18 17 18 22 0 0 0 0 2 0 0 0 0 0 0 0 2 14 2 5 9 14 7 10 31 38 8 24 0 0 0 0 0 0 0 0 0 0 0 0 0 3 1 2 12 13 5 14 24 21 17 23 1 0 0 2 0 0 1 0 0 0 0 0 8 6 0 5 6 7 4 22 26 33 9 17 0 0 0 1 0 0 1 0 0 0 0 0
3 1 1 1 4 8 0 4 14 15 7 7 0 2 0 0 0 0 0 0 0 2 0 0 0 2 3 0 6 4 1 26 19 26 11 17 0 2 3 0 0 0 0 0 0 0 0 0 0 3 4 2 6 2 4 10 25 29 4 25 0 0 0 0 0 2 0 2 0 0 0 0 0 3 0 4 8 5 1 6 15 18 13 25 0 0 1 0 0 0 0 0 0 0 0 0
6 0 3 6 12 10 4 14 16 26 5 12 0 0 0 1 0 0 1 0 0 0 0 0 2 0 3 6 16 15 7 30 30 28 19 29 0 0 0 0 0 0 1 3 0 0 0 0 6 1 1 1 7 16 11 17 33 39 15 29 0 1 0 0 0 0 0 0 0 0 0 0 2 0 0 0 23 19 9 21 31 39 8 19 0 0 0 0 0 0 0 4 0 0 0 0
1 0 0 3 6 18 4 7 17 4 5 11 0 0 0 0 0 0 0 0 0 0 0 0 1 5 0 4 17 11 11 14 9 23 3 22 0 0 0 0 2 0 3 0 0 0 0 0 7 5 1 1 10 11 0 7 14 16 2 6 0 0 0 0 0 0 0 0 0 0 0 0 3 1 0 6 14 8 6 15 8 13 5 14 1 0 0 0 1 0 0 1 0 0 0 0
2 1 1 3 15 10 2 12 14 8 7 10 0 0 0 0 0 0 0 0 0 0 0 0 2 1 0 5 15 11 2 11 16 12 9 6 0 0 0 2 0 2 1 2 0 0 0 2 6 2 2 5 6 10 0 19 12 11 2 19 0 0 0 0 0 0 0 2 0 0 0 0 3 0 1 2 11 10 0 9 14 9 2 7 0 0 0 0 0 0 0 0 0 0 0 0
2 1 0 0 1 0 0 0 10 11 3 3 0 0 0 0 0 4 6 6 1 0 2 0 1 3 0 3 0 0 0 0 6 4 5 6 0 0 0 1 1 1 5 16 0 1 0 0 0 1 0 2 0 1 0 0 5 5 5 10 0 0 3 0 0 2 5 2 0 0 0 2 4 1 0 1 0 0 0 3 8 16 0 6 0 6 0 0 1 4 11 9 0 0 0 2
1 1 1 2 0 8 2 2 13 5 0 11 1 0 1 2 0 0 0 0 0 1 0 0 0 2 0 1 7 3 1 5 9 11 2 8 0 0 0 0 0 6 1 3 2 2 0 0 1 0 0 0 9 5 3 8 13 13 3 7 0 0 0 0 0 0 0 0 0 0 0 0 1 2 0 0 7 9 2 6 6 6 7 16 0 1 0 0 0 0 0 2 0 0 0 0
6 3 0 0 5 6 0 0 11 2 0 9 0 1 0 0 0 2 0 0 0 0 0 0 11 0 0 0 2 8 0 0 13 0 4 8 0 0 0 0 0 0 0 2 0 0 0 0 0 1 0 6 1 2 1 0 0 2 3 4 0 2 0 2 0 3 3 0 0 0 0 0 0 1 0 0 0 3 1 5 2 14 0 8 0 7 0 4 22 0 0 5 3 0 0 0
1 4 1 2 4 7 1 9 14 10 2 15 0 0 0 0 0 0 0 0 0 0 0 0 2 0 0 0 23 7 3 6 12 10 7 11 0 1 0 0 0 0 0 0 0 1 0 0 7 0 0 0 6 4 3 8 14 16 4 24 0 0 0 0 0 0 0 0 0 0 0 0 2 1 1 2 11 10 0 17 11 8 3 12 0 0 0 0 0 0 1 1 0 0 0 0
1 2 0 0 15 9 0 13 8 8 4 8 0 0 1 0 0 0 0 0 0 0 0 0 1 2 0 4 19 4 2 11 8 2 7 12 0 0 0 0 0 0 0 1 0 0 1 0 2 0 0 3 6 8 1 4 1 16 4 9 0 1 0 0 0 0 0 0 1 2 0 0 0 3 0 2 6 4 0 8 4 10 4 13 0 4 0 3 1 2 1 0 0 0 0 0
1 0 1 2 9 14 1 6 4 7 3 5 0 0 0 0 0 0 1 0 0 0 0 0 0 3 0 0 10 11 3 18 2 2 1 8 0 0 0 1 0 0 2 1 0 0 0 0 1 0 0 7 12 14 9 16 2 2 1 11 0 0 0 0 0 2 0 0 0 0 0 0 1 4 0 4 9 5 3 8 10 8 2 4 0 0 0 0 0 6 0 1 0 0 0 0
5 2 1 0 6 0 6 0 5 10 2 3 2 0 0 0 0 0 7 0 0 0 0 0 1 3 0 1 4 5 2 7 15 19 5 18 0 0 0 0 0 1 0 0 0 1 0 0 1 0 0 3 2 5 0 4 12 8 6 13 4 0 0 0 1 1 0 0 0 0 0 0 5 4 0 1 1 3 2 1 9 6 4 5 0 0 0 0 0 0 0 0 0 1 0 0
0 0 0 0 0 0 1 0 0 1 0 0 0 0 0 0 3 3 3 5 17 40 42 34 0 0 0 0 2 0 0 0 0 0 0 3 0 0 0 0 2 4 2 5 19 76 86 78 0 2 0 0 0 0 1 0 0 0 0 0 0 0 0 0 1 1 3 2 16 56 73 34 0 0 0 0 0 0 0 0 1 1 0 1 0 0 0 0 3 6 7 2 16 69 43 76
0 3 0 1 2 3 0 2 10 2 0 7 3 1 0 1 0 6 0 2 0 2 0 0 7 1 4 2 4 2 3 9 13 10 3 12 0 0 12 0 0 1 8 7 0 1 6 3 4 3 0 5 5 7 1 3 7 9 2 3 0 0 4 3 1 0 2 1 0 0 1 0 4 0 3 3 2 4 0 7 4 3 2 7 2 2 0 3 0 2 0 1 1 2 0 2
4 2 0 1 3 8 2 3 7 6 10 2 0 1 0 1 0 0 0 1 1 0 0 0 3 4 1 1 7 8 4 6 7 10 1 3 0 1 1 0 1 0 0 1 0 1 1 0 0 1 1 5 5 2 1 2 3 6 3 4 0 0 0 0 1 0 0 0 0 0 1 0 0 5 1 3 3 1 0 9 4 12 6 6 0 2 0 1 0 4 1 2 2 0 1 0
12 7 1 2 0 0 0 0 18 15 14 20 3 0 6 11 8 8 14 13 0 0 0 0 8 4 3 3 1 2 0 1 34 32 16 51 0 5 4 1 4 9 19 15 3 0 0 2 9 21 2 9 1 1 1 0 30 38 13 38 0 3 0 0 5 8 18 7 0 0 1 0 5 12 7 8 0 0 0 0 28 35 10 38 0 4 1 3 5 14 10 42 0 2 0 4
0 0 0 0 0 0 0 0 0 0 1 0 0 1 0 0 0 2 1 2 100 127 151 106 0 0 0 0 0 0 0 2 0 0 0 1 0 0 0 0 0 5 5 1 53 146 176 167 0 0 0 0 0 0 0 0 0 0 0 3 0 0 0 0 3 1 2 3 91 96 143 90 0 0 1 0 0 0 0 0 2 0 0 0 0 0 0 0 0 7 1 0 83 153 144 221
19 22 1 16 93 92 19 65 105 82 30 65 4 1 1 2 0 3 7 3 0 3 3 1 15 21 12 24 107 95 35 133 155 119 32 127 0 0 2 1 0 0 4 3 2 0 0 4 21 15 9 17 78 88 34 103 94 110 53 81 0 0 1 1 0 1 0 1 1 0 0 1 19 20 6 15 95 104 31 87 90 136 29 118 4 3 0 2 1 0 7 4 1 0 1 3
4 3 0 0 9 2 3 5 11 5 2 14 1 0 0 0 2 0 0 0 0 0 0 0 3 0 0 3 11 10 2 9 9 14 7 4 0 0 0 0 0 0 0 2 0 1 2 0 1 2 0 1 11 13 0 8 14 10 4 12 0 1 0 0 0 0 0 0 0 0 0 0 0 1 0 3 6 14 7 4 8 13 5 21 0 0 2 0 0 0 0 0 0 0 0 0
107 71 27 61 0 0 0 0 133 97 24 110 2 0 8 5 13 6 16 20 16 15 24 20 93 62 20 117 2 0 0 0 178 165 44 120 0 0 5 4 15 14 19 12 10 17 20 22 59 71 12 80 0 2 0 1 123 103 38 160 1 0 0 3 9 7 8 13 7 16 20 15 91 90 23 141 1 2 0 1 151 141 32 169 0 1 0 2 18 23 12 11 18 27 17 36
8 2 5 3 0 0 1 1 25 14 2 23 2 0 0 0 5 6 7 9 0 0 1 2 4 5 4 0 1 0 0 1 31 22 11 28 0 4 0 1 3 7 11 10 1 0 0 1 3 14 3 5 2 0 0 3 21 31 12 37 0 0 1 1 9 11 6 16 0 1 4 0 4 8 4 1 0 2 2 3 27 34 5 37 1 2 0 3 5 12 9 7 0 0 0 0
0 1 2 1 17 20 3 19 17 16 5 14 0 0 0 0 0 0 0 0 0 0 0 0 3 6 4 3 21 16 7 16 21 10 3 17 0 0 0 0 0 0 0 2 0 0 0 0 1 1 4 2 15 10 3 10 8 17 5 12 0 0 0 0 0 2 0 0 0 0 0 0 1 2 0 7 12 12 7 17 13 25 3 17 2 0 0 0 0 0 0 2 0 0 1 0
5 6 5 5 5 0 0 0 20 21 2 11 1 0 0 0 13 15 15 9 0 2 6 2 8 5 0 8 0 3 0 1 28 29 8 41 0 1 0 2 4 12 25 17 0 6 1 3 6 2 0 11 0 5 0 0 30 24 12 23 0 0 0 1 7 4 15 7 0 3 7 0 5 5 0 2 0 1 2 3 24 25 8 26 2 1 0 2 10 18 7 10 0 2 3 0
1 1 2 0 5 3 0 0 22 8 0 19 0 2 2 1 6 4 3 2 1 0 2 0 5 4 0 5 4 4 3 3 18 21 10 15 5 0 1 1 0 1 4 17 0 2 0 2 1 0 1 3 0 5 2 4 9 19 2 19 1 0 0 1 4 5 6 4 0 1 2 0 0 2 0 0 0 0 0 5 17 14 3 20 0 0 0 1 4 11 10 3 0 0 0 1
2 1 0 0 7 1 2 5 5 10 0 4 1 0 0 0 0 1 0 0 0 0 0 0 0 2 0 4 8 3 4 3 20 5 4 8 0 0 0 0 1 1 0 0 0 0 0 0 0 0 1 2 5 8 0 6 16 18 5 7 0 0 0 0 0 0 0 0 1 0 0 0 3 1 0 0 6 11 4 8 10 5 1 11 0 0 0 0 0 1 0 0 0 0 0 0
0 0 0 0 7 0 1 0 7 5 3 6 0 0 0 0 0 0 0 0 0 0 0 0 3 0 1 2 8 4 3 6 7 7 5 12 0 0 0 0 0 2 0 0 0 0 0 0 0 0 0 1 4 5 0 2 3 6 3 7 0 0 1 0 0 0 0 0 0 0 0 0 2 1 0 1 9 3 0 8 9 16 0 8 0 0 0 0 0 0 0 0 0 0 0 0
0 0 0 0 7 3 3 5 22 12 11 11 0 0 0 0 0 0 0 0 2 0 0 0 4 4 1 1 10 15 8 16 28 22 6 20 0 3 0 0 0 0 2 0 0 0 0 1 0 5 5 2 12 7 3 15 22 20 7 16 0 0 0 0 0 0 0 0 0 0 0 0 1 2 0 1 11 8 1 15 18 26 10 21 0 0 0 0 0 0 0 2 0 0 0 0
1 1 0 2 1 0 0 0 27 31 7 23 0 1 0 0 1 0 3 0 0 2 0 3 0 1 3 1 1 1 0 3 48 45 20 65 1 0 0 5 0 0 0 0 0 0 1 2 1 0 0 0 0 0 0 0 46 29 18 47 0 3 2 0 0 0 0 3 0 0 0 0 3 1 0 0 0 1 0 1 32 38 10 30 0 3 2 0 0 1 0 0 0 0 1 0
5 8 1 6 0 0 0 2 26 33 15 16 1 0 1 3 12 10 13 8 0 0 2 0 16 21 2 8 1 1 0 4 53 34 16 34 1 4 2 2 9 18 25 43 0 0 1 4 0 4 2 3 0 1 0 0 24 34 15 38 0 1 1 0 8 10 16 5 0 0 2 0 7 7 4 7 0 5 0 1 39 59 4 21 0 6 5 3 15 22 23 34 1 0 1 1
0 8 0 2 6 1 0 6 2 5 4 6 0 1 0 0 0 0 0 0 0 0 0 0 0 0 2 1 5 7 0 10 16 7 3 12 0 0 0 0 0 0 1 0 0 0 0 0 0 0 0 0 5 3 0 8 6 8 6 8 0 0 0 0 0 0 0 0 0 0 0 0 0 0 0 0 3 8 0 11 17 7 6 15 0 1 0 0 0 0 0 0 0 0 0 0
1 2 0 0 2 4 3 3 10 8 0 9 0 0 0 0 0 0 0 0 0 0 0 0 2 0 0 1 15 9 3 6 11 8 5 14 2 1 0 0 0 0 0 0 0 0 0 0 4 1 0 0 5 14 1 6 11 14 3 11 0 0 0 0 0 0 0 0 0 0 0 0 0 0 0 2 8 10 0 3 5 18 2 21 0 0 0 0 0 0 0 2 0 0 0 0
0 1 0 3 6 0 2 15 14 5 4 7 0 0 0 0 0 0 2 0 0 0 0 1 2 1 0 1 4 7 1 1 0 2 6 6 0 0 0 0 0 0 0 0 0 0 0 0 0 1 0 1 8 0 4 6 5 6 3 10 0 0 0 1 0 0 7 0 0 0 0 0 2 1 1 1 6 6 0 5 11 2 5 2 0 0 0 0 0 0 1 0 2 0 0 0
0 11 4 1 3 9 4 8 12 11 4 9 1 0 2 0 4 3 4 3 2 0 1 1 0 2 1 6 15 14 2 25 24 2 6 13 1 0 1 4 0 0 2 1 1 0 3 2 2 1 2 6 10 11 1 14 9 14 5 16 2 2 2 1 2 3 0 4 2 0 0 2 1 3 1 8 21 8 1 16 13 20 4 16 1 0 3 1 0 0 2 1 0 0 0 0
7 2 0 5 9 8 0 3 11 11 11 5 2 0 3 0 0 6 4 1 0 1 0 0 3 4 1 1 15 5 1 11 19 24 10 36 1 0 2 0 1 2 4 0 1 0 0 0 7 7 0 4 4 4 1 5 18 25 6 24 0 0 0 3 0 1 0 2 0 0 0 0 4 5 0 0 14 10 3 9 12 28 2 28 0 2 3 0 3 5 0 1 0 0 0 1
4 0 0 0 32 13 8 17 20 14 1 21 0 0 1 0 0 0 1 1 0 0 0 0 3 7 0 1 18 10 8 50 25 16 6 17 0 0 0 0 0 0 0 0 0 0 0 2 0 1 0 2 22 17 11 20 13 13 5 21 0 0 0 0 0 0 1 0 0 0 0 0 3 1 0 4 26 19 9 43 17 25 7 15 0 0 0 0 0 0 0 0 0 0 0 0
1 1 0 2 1 0 0 1 1 7 2 4 1 1 7 5 11 17 26 25 0 0 2 1 7 14 1 3 1 3 0 0 7 10 13 2 3 5 5 8 19 19 31 21 1 5 4 2 5 5 0 3 0 1 1 2 8 12 5 12 3 1 3 4 17 16 11 18 1 1 2 7 5 5 1 7 3 2 2 0 5 7 3 6 0 5 6 10 17 29 16 38 5 0 2 6
3 1 0 2 2 0 0 0 11 7 3 8 0 1 0 2 7 3 7 5 0 0 2 3 4 11 2 8 6 6 0 2 13 13 6 9 0 5 7 2 4 7 15 5 0 0 3 5 0 6 0 2 1 2 0 8 11 19 8 13 0 2 3 3 5 8 8 4 4 0 0 1 2 3 2 4 3 0 0 1 23 13 8 19 1 6 8 3 12 12 5 15 1 0 2 3
1 1 2 0 21 17 4 14 19 11 11 9 0 0 0 0 0 0 0 0 1 0 0 0 5 6 2 9 11 13 7 24 33 27 8 34 0 0 0 0 1 0 3 0 1 0 4 0 3 5 0 5 20 11 4 16 27 26 3 23 0 0 1 0 0 0 0 0 0 4 0 0 5 2 0 4 13 13 7 22 33 38 5 25 0 0 0 0 1 1 0 2 0 0 0 3
3 1 0 0 4 6 2 1 11 6 1 6 0 0 0 0 0 2 0 0 0 0 0 0 0 1 2 2 2 3 0 10 19 12 2 8 0 0 2 2 0 0 2 0 0 0 0 0 0 0 0 2 7 8 1 3 6 7 6 3 0 0 0 0 0 0 0 0 0 0 0 0 10 0 0 0 4 7 0 10 9 14 1 14 0 0 0 0 0 0 0 1 0 0 0 0
2 4 2 1 8 6 2 2 10 11 6 12 0 0 0 0 0 0 0 0 0 0 0 0 1 0 0 2 6 10 4 8 13 19 10 28 0 0 0 0 1 0 0 1 0 0 0 0 1 1 2 2 5 8 5 9 15 17 4 13 0 0 0 0 0 0 0 0 0 0 0 0 0 0 0 2 12 14 7 6 25 18 6 12 0 0 0 0 0 0 0 0 0 0 0 0
2 7 0 1 1 4 3 7 9 9 10 6 0 0 0 0 0 0 0 0 0 0 0 0 0 2 1 2 4 8 3 12 16 10 7 18 0 0 0 0 0 1 0 0 0 0 0 2 2 0 0 2 2 8 0 0 18 4 7 12 0 0 0 0 0 0 0 0 0 0 0 0 0 3 0 3 8 0 2 7 10 8 4 14 0 0 0 0 0 0 0 2 0 0 0 0
