66 96
8 9 0 5 1 5 3 1 5 21 44 6 0 1 2 0 6 1 15 7 1 3 3 3 0 1 4 1 1 3 4 1 10 20 46 22 0 1 5 1 2 5 12 2 0 3 3 0 0 4 6 2 0 1 1 0 4 12 46 12 0 1 4 1 5 0 4 4 0 0 0 0 1 2 0 5 2 2 0 5 19 37 48 17 0 0 5 0 2 5 2 9 1 1 1 0
1 0 2 0 2 2 3 0 13 7 32 5 1 3 0 0 3 3 10 8 0 0 2 3 3 3 4 0 0 2 2 4 13 7 40 13 0 1 1 0 5 2 2 2 2 0 5 0 2 6 2 1 2 2 7 12 2 14 26 5 6 1 3 1 3 0 6 9 0 1 0 1 1 0 1 4 2 3 6 6 7 8 34 12 1 0 0 0 1 1 6 5 0 5 2 3
0 3 2 3 2 5 7 1 9 6 26 7 0 2 4 0 8 6 20 9 2 5 1 0 6 1 1 1 4 3 10 6 7 7 34 7 0 2 2 2 2 4 5 6 0 0 1 3 6 2 3 2 1 2 3 1 5 15 36 18 1 0 1 2 17 5 6 0 1 0 0 0 3 2 4 3 2 0 2 5 10 9 25 0 0 1 1 0 3 2 8 6 0 0 1 7
3 2 4 0 3 1 2 2 7 18 19 10 0 1 1 1 4 0 11 7 0 3 3 0 1 0 2 2 2 4 6 2 15 14 27 11 0 0 1 0 0 5 10 4 0 1 3 1 0 2 4 2 1 1 1 1 7 8 45 13 0 0 3 1 3 4 6 5 0 1 2 3 4 4 7 1 3 2 3 6 10 12 26 11 0 4 0 0 2 5 5 6 0 0 0 1
1 8 4 1 1 2 4 2 7 7 45 7 0 3 0 0 8 2 21 12 1 0 3 3 5 5 4 4 13 4 3 6 16 15 48 4 0 1 4 0 4 12 15 4 0 0 2 2 0 2 1 2 2 2 4 3 6 7 51 9 0 0 0 1 1 7 3 3 0 6 0 0 2 0 0 1 3 6 1 5 8 13 32 11 1 6 1 0 3 4 7 5 0 5 4 0
3 2 3 0 5 5 0 1 10 7 21 7 1 0 0 1 9 13 11 11 0 2 6 4 7 4 3 1 1 3 4 5 22 53 45 29 0 4 2 0 5 7 14 9 1 0 5 6 3 2 2 1 2 4 8 0 5 21 39 11 0 0 0 0 3 7 8 6 0 1 2 0 1 9 1 0 9 5 4 3 27 68 43 24 0 0 0 0 2 0 2 5 1 5 0 6
0 4 2 2 2 3 3 3 6 12 35 13 1 3 6 0 4 7 20 12 0 2 1 0 4 8 0 1 1 1 4 3 16 10 53 11 0 2 0 2 2 1 11 2 0 1 0 0 1 2 5 1 1 4 1 3 3 11 21 12 0 1 0 3 4 5 7 1 1 1 1 0 0 0 3 4 0 0 1 3 8 9 18 14 0 5 2 2 3 1 0 6 0 3 1 3
9 1 1 1 0 0 1 0 3 17 9 7 4 1 2 4 1 0 3 4 2 0 3 1 6 5 0 9 0 0 0 0 34 91 40 51 2 0 2 0 3 2 0 1 0 0 1 2 3 1 1 3 1 0 0 0 2 39 16 8 2 0 1 1 1 0 3 11 0 0 2 0 1 5 2 5 1 0 0 0 18 135 61 60 0 3 2 3 3 2 1 2 0 0 0 5
5 2 0 1 4 1 0 4 8 13 25 3 3 2 2 3 5 2 20 7 1 0 1 0 3 4 1 1 3 2 4 3 11 14 55 26 0 0 1 1 3 2 7 6 0 1 4 1 3 3 1 4 1 1 1 5 11 11 42 9 0 0 0 0 0 0 8 9 0 0 1 2 1 0 0 6 4 8 2 4 14 12 25 7 1 1 2 0 2 0 8 10 3 6 2 0
4 5 1 0 0 3 4 5 12 10 24 8 2 2 4 0 5 3 6 4 0 4 2 1 1 11 8 0 7 9 2 1 9 10 39 15 0 0 0 0 2 2 7 1 0 1 4 0 3 5 5 6 0 1 2 4 9 18 47 6 1 5 1 1 2 5 5 8 0 1 0 3 0 3 1 9 10 2 0 4 8 12 15 8 2 0 0 0 4 1 1 1 3 0 2 3
3 3 2 1 5 0 0 3 22 5 10 11 2 0 0 0 7 2 14 17 0 2 1 0 8 2 5 0 3 9 0 10 19 25 39 20 2 0 0 1 0 6 12 3 0 2 3 0 0 2 6 2 1 2 3 2 10 20 20 8 0 0 0 1 2 6 6 7 0 3 0 0 1 2 0 0 2 4 3 3 5 23 18 6 0 4 0 0 1 3 5 2 0 1 1 2
0 4 2 0 2 1 0 5 20 4 21 9 0 3 7 4 3 5 19 3 0 0 5 0 3 0 1 1 0 4 4 3 4 9 50 12 0 3 3 2 1 5 11 10 0 1 1 1 3 5 7 4 1 4 2 0 10 11 42 11 0 2 0 4 6 1 4 5 0 0 3 1 0 0 1 4 2 4 0 1 4 16 35 9 3 0 0 1 2 7 2 5 4 2 0 1
3 2 0 1 1 1 0 1 4 6 32 6 2 2 2 2 4 6 7 7 0 0 0 0 3 4 3 2 1 2 0 5 14 16 56 15 0 0 3 1 7 1 13 3 0 0 0 0 7 2 6 1 5 6 2 4 8 9 41 15 0 1 0 0 3 1 3 10 2 2 1 2 3 1 1 12 2 7 0 4 12 8 15 8 2 2 0 1 2 6 7 4 0 2 0 1
1 3 0 2 1 1 0 0 1 37 4 2 0 0 1 1 0 0 2 2 0 0 4 1 2 2 1 6 0 2 0 2 93 172 64 76 0 3 0 5 1 0 1 11 0 1 2 3 1 2 0 3 1 0 0 1 4 46 3 8 0 0 5 0 3 1 1 5 0 1 2 0 0 2 0 1 0 2 0 0 66 236 88 73 3 1 2 7 6 5 1 2 0 0 0 4
2 0 0 4 0 0 0 2 0 2 4 7 0 0 0 0 0 2 0 2 0 0 0 0 0 1 0 1 0 0 0 1 5 1 14 0 0 0 2 0 0 2 0 0 0 0 0 2 5 3 0 0 1 1 0 0 5 1 9 4 0 0 0 0 0 0 1 1 0 0 0 0 13 8 1 2 64 21 1 64 77 15 26 44 0 0 0 0 0 1 0 0 0 0 0 0
0 4 2 1 3 0 1 2 15 10 24 7 1 2 2 0 8 2 17 18 0 1 0 0 7 5 0 3 2 1 5 6 4 12 55 6 0 7 2 3 4 3 11 5 1 5 1 8 2 7 0 5 2 3 0 3 9 12 23 17 0 0 0 0 3 0 10 7 3 0 1 0 5 5 4 5 3 7 7 1 7 16 23 12 0 2 0 0 0 2 3 4 0 0 0 0
1 2 2 0 0 0 0 1 4 4 25 2 0 0 3 3 11 4 1 7 0 0 3 2 5 3 4 3 1 1 1 4 3 4 27 7 0 2 3 0 1 13 4 0 2 0 0 0 7 0 6 7 0 1 0 0 2 2 9 6 0 0 2 1 0 5 0 2 0 0 0 2 9 4 3 6 18 12 5 46 28 10 11 20 1 0 2 3 0 4 4 0 0 3 0 4
0 4 1 4 0 3 4 2 15 11 40 6 0 2 1 0 12 2 20 7 0 1 0 0 2 2 6 7 4 4 10 8 6 9 64 8 2 0 1 2 2 5 5 3 0 0 3 6 4 3 4 0 3 5 2 3 11 15 65 9 0 2 2 2 1 5 7 4 0 0 2 2 1 13 2 3 40 13 9 39 32 23 52 22 1 2 1 0 0 5 3 4 0 2 0 1
18 3 1 1 3 1 0 1 2 23 2 6 3 1 1 2 1 2 1 6 0 0 4 0 22 8 2 8 1 2 1 7 105 160 53 94 3 0 1 2 0 1 3 2 2 0 10 4 19 0 2 4 2 0 1 2 4 31 3 5 5 0 2 0 0 1 3 5 1 0 10 1 24 8 4 5 4 9 3 7 70 275 67 76 9 8 3 4 1 4 2 5 0 1 4 9
7 4 7 2 0 3 2 1 11 6 39 8 1 0 8 1 17 10 18 17 0 2 6 3 5 7 2 2 3 5 12 5 12 10 48 18 1 0 1 3 3 1 13 5 0 1 4 2 4 4 3 5 3 5 2 4 17 17 44 13 0 1 0 2 3 7 7 3 2 1 5 4 2 0 0 1 3 4 1 3 16 22 35 5 0 0 0 4 5 3 3 4 0 3 0 1
5 9 2 0 3 0 0 2 19 6 43 4 1 7 3 2 7 2 16 7 1 0 1 0 5 4 1 1 3 4 1 3 9 7 51 10 0 2 0 2 0 2 12 3 0 3 10 3 4 4 3 3 3 11 0 6 13 15 26 8 0 3 0 2 3 4 13 7 0 0 0 0 2 2 1 0 4 4 4 7 7 7 21 5 0 1 0 2 1 3 1 3 1 2 3 1
2 11 4 1 1 2 1 5 14 26 37 7 1 2 2 3 8 10 12 5 0 0 2 3 3 4 4 0 5 5 8 6 41 76 75 34 0 0 1 0 1 8 3 2 0 2 0 0 0 6 4 4 2 3 3 2 10 37 39 20 1 0 1 0 2 5 6 12 1 2 11 2 2 1 0 2 8 5 0 11 36 96 32 41 5 0 1 3 2 2 3 5 1 0 1 2
0 1 2 0 5 0 2 0 0 1 3 0 0 0 0 0 0 0 0 0 0 0 0 0 3 0 0 0 3 0 3 2 1 0 12 1 0 0 0 0 0 5 0 0 0 0 0 1 2 5 3 6 0 0 0 1 6 1 3 3 0 0 0 0 4 0 0 0 0 0 0 0 3 2 3 3 109 42 9 99 109 22 35 28 0 0 0 0 0 2 0 0 0 0 0 0
4 7 5 0 7 3 0 4 9 13 33 9 1 2 0 2 2 7 16 5 1 0 3 2 2 3 6 0 0 4 3 5 5 8 55 5 0 5 5 2 4 1 1 4 2 0 0 0 5 3 0 2 1 2 1 4 5 11 34 21 0 0 4 0 4 2 13 8 1 0 2 3 1 0 2 5 3 7 0 3 8 15 20 11 0 0 0 1 1 2 0 7 0 0 2 2
3 0 1 3 5 10 2 0 8 17 38 12 0 2 3 0 5 11 13 4 1 0 1 0 1 3 0 1 4 5 6 2 11 13 65 18 0 3 0 0 2 6 5 4 0 3 0 2 3 0 4 5 0 3 1 3 10 12 63 14 2 0 0 0 4 5 3 6 0 1 1 0 2 2 2 3 4 0 0 12 10 17 30 8 0 1 1 1 0 0 7 4 0 1 0 2
91 17 14 20 39 31 42 20 45 40 88 34 23 11 17 9 35 63 100 35 16 8 32 7 33 18 19 26 21 9 22 29 43 60 132 49 1 3 10 14 27 125 89 51 4 6 46 20 66 76 48 52 41 80 84 66 58 45 116 55 13 14 17 12 37 49 89 27 34 100 280 72 23 19 13 28 21 19 21 34 45 60 83 29 3 6 5 12 19 52 42 24 12 21 13 16
105 33 23 20 38 36 64 29 57 52 173 55 16 18 23 5 53 63 126 57 14 20 30 14 21 33 20 26 37 20 24 42 67 76 175 74 2 28 10 14 22 110 107 64 4 24 39 19 53 37 39 27 44 66 75 44 79 69 177 77 12 23 29 19 37 60 105 38 30 65 183 67 33 26 8 32 48 42 32 57 72 84 132 55 1 15 11 8 13 50 56 32 13 24 30 27
98 33 23 19 31 35 41 29 44 42 107 40 9 10 16 11 25 67 98 45 17 11 39 5 34 28 20 27 26 15 32 39 40 59 145 47 0 9 12 18 27 112 103 59 5 13 49 11 61 91 37 39 49 68 93 63 70 57 141 72 13 16 13 11 35 63 125 26 46 94 290 75 17 26 13 26 50 30 30 48 51 50 82 32 3 9 8 9 21 64 46 26 8 22 26 22
103 38 14 19 35 35 41 28 59 41 140 43 11 9 31 4 40 57 92 38 15 10 42 8 29 28 26 29 32 17 28 30 53 62 149 53 0 8 11 17 25 118 95 66 4 20 35 22 71 79 50 73 35 75 85 67 59 54 156 70 14 22 21 14 28 55 109 37 46 87 283 78 28 42 11 31 96 33 29 92 101 82 106 70 0 13 5 11 16 61 52 31 13 19 35 25
86 39 13 25 34 39 57 28 62 50 120 46 21 16 30 16 36 57 106 47 18 8 58 12 27 23 27 23 35 19 29 28 39 83 170 65 1 9 12 19 23 127 88 76 5 19 58 19 86 75 45 70 58 75 101 63 60 70 144 75 18 24 21 13 39 63 112 27 48 87 298 65 13 26 10 24 33 25 24 38 40 64 94 45 3 6 10 8 20 55 52 21 10 22 29 23
33 22 22 15 37 26 31 30 77 53 205 43 10 7 24 6 56 39 186 52 16 15 27 8 41 35 50 31 23 32 59 32 78 96 267 84 2 12 32 20 54 67 153 97 5 23 23 18 23 38 53 29 24 28 38 31 102 79 192 85 11 19 15 11 49 51 132 58 17 26 49 19 20 36 7 30 34 34 28 38 68 64 118 36 0 7 7 18 23 52 79 38 12 24 22 19
1 2 1 0 3 0 0 2 3 1 6 6 1 0 0 0 0 0 1 1 0 0 0 0 0 1 2 2 3 0 2 1 3 4 9 2 0 0 0 2 2 0 0 0 0 1 0 2 0 1 2 0 1 0 0 1 1 0 3 3 0 0 0 0 0 0 1 0 0 0 3 1 15 9 0 10 99 24 8 100 91 26 39 56 0 0 0 0 0 0 1 0 0 0 0 0
2 0 0 3 0 1 0 2 5 4 14 0 0 2 2 0 2 3 0 0 0 0 0 0 3 1 1 1 3 3 1 1 8 3 21 12 0 0 0 0 0 0 2 2 0 2 0 0 1 3 1 0 4 0 0 0 6 5 17 3 0 1 0 0 1 0 1 1 0 0 0 0 8 5 9 4 84 24 8 107 138 29 42 59 0 0 0 0 1 0 0 1 0 0 1 0
111 39 25 23 38 37 37 30 52 68 121 49 16 11 24 6 42 53 110 38 17 12 49 13 31 37 29 33 30 24 31 36 92 157 166 92 2 11 12 21 32 120 100 53 4 17 34 16 73 76 46 70 51 94 97 65 59 75 125 76 10 22 21 9 21 52 107 30 51 99 293 69 17 33 10 32 59 28 35 63 92 165 117 96 7 8 7 16 25 59 68 23 16 26 24 25
0 2 0 1 0 0 0 0 5 6 40 0 0 3 0 1 3 0 3 1 0 0 0 2 2 6 2 25 0 0 0 0 0 6 14 3 0 0 0 1 2 0 4 4 0 1 0 1 0 4 0 3 0 2 0 0 20 70 151 13 0 2 0 0 1 19 5 4 0 3 1 6 1 0 0 1 0 0 0 0 6 5 14 11 0 0 0 0 1 6 5 0 0 0 1 0
4 4 1 5 4 4 0 0 3 7 43 3 1 1 0 0 12 7 8 13 0 1 2 0 4 13 6 3 5 2 3 1 5 13 26 1 0 0 1 0 0 5 2 9 0 1 9 0 2 0 1 4 1 1 4 2 5 6 17 3 0 4 5 0 7 0 6 2 2 1 5 2 0 4 4 4 12 5 2 13 14 16 18 4 2 3 0 1 0 2 1 5 2 1 2 4
86 44 42 17 41 45 57 27 65 52 145 36 17 20 22 6 55 52 124 49 20 17 48 9 33 33 27 33 30 22 31 24 56 75 209 50 2 12 10 17 23 95 101 54 5 23 58 32 65 43 52 33 41 60 81 54 75 78 180 81 17 20 19 17 41 58 108 37 31 70 164 51 29 42 21 31 52 27 31 51 58 69 133 63 2 10 12 11 17 49 55 27 11 26 24 19
2 0 0 4 0 0 0 2 0 2 4 7 0 0 0 0 0 2 0 2 0 0 0 0 0 1 0 1 0 0 0 1 5 1 14 0 0 0 2 0 0 2 0 0 0 0 0 2 5 4 0 0 1 1 0 0 5 1 9 4 0 0 0 0 0 0 1 1 0 0 0 0 13 8 1 2 65 20 1 64 77 15 26 44 0 0 0 0 0 1 0 0 0 0 0 0
0 1 2 0 5 0 2 0 0 1 3 0 0 0 0 0 0 0 0 0 0 0 0 0 3 0 0 0 3 0 3 2 1 0 14 1 0 0 0 0 0 5 0 0 0 0 0 1 2 5 3 6 0 0 0 1 6 1 3 3 0 0 0 0 3 0 0 0 0 0 0 0 3 2 3 3 109 42 9 100 111 22 35 29 0 0 0 0 0 2 0 0 0 0 0 0
18 3 1 1 3 1 0 1 2 23 2 6 3 1 1 2 1 3 1 6 0 0 4 0 23 8 2 9 1 2 1 7 106 161 53 95 3 0 1 2 0 1 3 2 2 0 10 4 19 0 2 4 2 0 1 2 4 31 3 5 5 0 2 0 0 1 3 5 1 0 10 1 24 8 4 5 4 9 3 8 71 275 68 74 9 8 3 4 1 4 2 5 0 1 4 9
27 20 11 32 8 3 2 3 9 8 8 2 0 1 0 0 0 1 1 3 0 0 0 0 33 29 28 33 9 13 5 18 14 23 24 8 4 1 0 1 4 0 4 0 2 0 0 0 47 68 11 56 3 7 0 8 20 6 14 10 5 1 3 0 0 4 0 1 0 0 0 0 22 33 13 56 6 13 9 14 25 5 27 11 1 2 0 0 0 1 0 0 0 0 0 0
95 25 22 6 35 32 51 30 36 41 119 33 18 10 23 8 34 51 109 45 16 9 28 7 30 19 23 19 25 22 22 24 41 65 163 52 1 5 11 19 19 96 92 52 5 18 33 10 40 29 27 27 39 70 66 45 50 64 153 63 18 19 11 13 41 53 109 33 31 71 191 49 15 22 5 22 41 34 25 54 31 46 78 28 0 5 10 12 18 54 58 23 9 18 19 16
91 31 20 24 39 38 44 27 76 42 152 53 16 19 23 11 37 42 104 56 15 16 43 5 29 27 29 27 30 10 32 40 50 62 147 49 0 7 14 18 29 136 90 69 5 9 41 15 73 65 44 47 52 80 87 59 67 53 139 66 10 14 18 10 31 41 110 32 56 98 314 74 18 18 12 21 39 24 24 38 41 41 86 39 0 9 5 13 17 65 56 28 12 22 28 23
94 35 24 21 37 27 48 23 63 48 130 35 13 11 17 10 43 48 98 52 16 8 33 8 24 22 21 30 30 17 26 28 56 57 146 35 4 7 12 19 27 129 84 52 4 23 48 19 72 81 47 60 38 79 87 41 58 59 137 74 13 21 14 9 38 41 92 34 51 76 303 73 15 25 7 25 38 26 19 37 36 45 71 33 2 6 5 16 16 53 47 28 16 27 24 22
2 0 1 4 4 2 1 2 10 7 21 10 1 0 4 0 7 16 7 9 0 0 1 1 2 9 2 1 0 3 0 0 12 6 17 12 2 3 5 3 7 4 26 11 3 5 4 2 4 1 3 0 2 3 4 3 13 5 3 22 2 2 0 0 10 10 9 18 3 1 7 2 6 4 0 3 1 0 1 0 5 5 10 6 1 3 1 1 2 6 7 11 3 4 3 4
3 1 0 0 6 1 0 4 9 2 23 4 0 1 0 0 0 0 2 2 0 0 0 0 5 3 0 0 1 0 2 2 18 6 30 3 0 0 1 2 0 0 5 2 0 0 0 0 3 2 1 5 0 5 0 1 18 9 12 9 0 0 0 0 0 0 5 1 4 0 1 0 14 11 6 16 184 53 22 174 254 50 95 117 0 1 2 0 0 2 0 0 0 0 1 4
5 1 0 1 3 2 2 0 11 12 19 19 1 2 5 0 13 12 28 15 0 0 2 1 2 7 10 6 4 4 5 2 19 10 38 24 1 1 7 2 6 8 20 8 1 5 12 0 4 1 3 2 4 0 5 1 12 11 41 19 4 0 3 0 7 13 7 13 3 1 3 0 9 9 3 4 39 21 9 46 70 29 33 34 2 4 2 1 4 10 9 9 1 2 3 2
4 0 4 3 3 3 6 0 18 11 36 9 0 1 3 0 8 10 11 11 0 2 5 4 6 7 6 1 6 4 2 2 14 13 38 18 8 2 2 3 8 8 36 10 9 5 5 2 8 9 6 3 3 1 3 2 13 13 28 13 2 2 7 0 2 9 18 17 0 2 10 1 8 6 0 3 10 1 4 21 22 14 19 10 5 12 1 1 3 12 11 19 1 5 3 0
13 3 9 8 9 5 8 2 30 24 73 29 5 4 4 4 43 54 61 44 2 6 4 11 14 10 17 9 22 6 23 4 25 40 85 58 3 8 29 10 24 26 62 45 8 10 31 9 10 6 11 4 14 4 12 4 38 30 49 58 6 3 12 16 27 27 38 66 9 8 15 7 6 14 4 6 19 16 11 21 34 56 50 48 10 13 8 5 19 30 26 50 7 13 27 12
3 4 7 5 6 7 10 2 17 16 48 10 4 7 7 3 24 38 33 24 0 4 5 7 10 8 13 8 7 5 7 6 15 30 63 43 3 7 19 1 17 12 39 30 4 7 9 6 9 6 8 4 5 2 3 3 22 31 37 33 4 0 7 7 20 20 18 30 3 3 5 7 6 10 3 3 6 2 7 14 14 16 12 28 6 4 6 6 13 8 16 25 3 9 12 7
7 1 6 2 6 4 14 2 33 22 44 23 4 1 10 1 36 44 58 35 2 0 3 8 8 13 15 7 6 3 15 6 27 24 47 49 4 9 29 8 24 19 53 26 5 6 20 8 14 9 16 2 7 6 5 7 20 21 30 57 6 3 14 7 33 26 31 41 11 4 12 6 4 5 0 6 2 3 10 5 12 28 21 35 6 4 2 4 12 18 20 41 5 9 17 4
12 0 3 3 4 3 5 4 11 12 43 16 7 2 9 2 29 29 30 27 0 0 3 5 11 7 8 5 2 2 12 1 23 19 36 24 3 1 16 6 10 18 32 22 3 9 9 9 8 11 8 8 6 2 5 6 28 12 36 23 4 1 6 4 17 10 29 29 2 3 7 2 0 5 5 6 5 3 7 0 7 12 22 25 4 5 9 1 10 21 14 18 4 3 10 3
4 0 1 1 4 2 3 0 15 7 18 10 1 0 4 0 11 16 19 12 3 1 2 2 2 6 1 4 5 3 3 0 7 9 25 17 1 0 3 1 9 6 27 10 0 5 4 1 5 1 5 2 1 3 0 5 4 17 16 12 2 0 5 7 13 13 17 12 3 3 3 4 0 1 1 5 0 3 1 2 10 5 13 12 4 5 7 1 2 7 5 14 2 0 4 2
6 0 7 4 9 9 8 3 33 22 51 28 3 3 7 8 45 51 48 40 1 4 7 13 7 10 11 3 9 4 15 3 32 38 47 61 4 6 20 8 30 30 47 38 4 10 10 7 6 6 15 2 8 6 5 4 30 28 35 50 8 3 8 5 32 25 22 55 6 11 17 3 5 7 2 3 11 10 7 15 17 45 20 41 5 5 8 2 16 30 30 41 8 14 19 5
84 35 15 10 34 31 65 23 53 43 122 38 14 14 25 6 42 50 92 39 17 16 33 8 24 25 17 33 26 15 27 39 48 66 146 59 3 5 8 20 21 84 96 55 4 14 37 11 50 40 30 24 38 57 77 47 69 56 151 79 15 19 18 12 34 52 106 26 44 80 179 72 19 25 7 25 58 27 34 67 58 43 88 38 2 11 11 15 22 51 41 26 9 17 37 24
91 29 19 15 47 29 53 29 48 41 126 42 17 14 21 11 39 53 103 43 20 16 42 7 34 19 25 29 25 22 38 30 40 63 142 53 0 10 18 16 26 109 102 65 4 23 40 13 52 36 23 30 51 58 79 49 69 53 142 54 13 17 23 16 32 54 103 32 35 65 160 64 22 26 9 21 36 37 27 29 28 48 77 30 4 7 5 1 15 40 45 16 11 19 35 27
96 43 36 34 35 29 51 27 62 42 116 45 17 19 42 7 45 49 91 62 16 15 31 9 39 55 42 51 25 29 39 38 56 76 153 58 2 19 20 26 19 103 94 51 7 20 30 23 76 51 43 26 43 69 75 53 65 59 136 68 25 28 21 16 36 51 113 26 40 81 161 59 27 45 17 44 56 26 17 72 73 62 88 45 10 12 14 12 17 46 49 29 7 15 29 19
114 45 21 25 34 26 49 38 51 57 119 53 14 20 17 6 46 61 103 51 19 9 43 15 22 28 24 35 27 21 33 34 45 60 174 47 1 10 12 22 27 126 97 59 5 19 48 17 88 89 42 56 39 81 91 55 64 90 164 73 11 21 18 12 39 64 112 31 50 111 310 65 25 27 9 35 46 36 26 60 70 54 122 49 2 8 9 8 19 53 55 33 10 27 23 23
78 35 20 13 40 30 54 50 49 42 98 31 16 10 21 6 32 47 90 37 15 13 31 10 29 29 31 31 29 15 22 41 44 68 149 46 0 8 12 20 23 96 83 59 4 20 32 12 52 34 33 24 42 59 50 38 64 61 148 77 16 16 15 11 39 64 100 22 38 72 177 65 15 26 10 40 45 29 26 39 53 51 89 40 0 7 7 17 14 42 49 26 11 18 28 24
95 29 22 21 30 44 60 28 53 50 125 47 21 16 29 10 43 56 113 41 15 12 36 7 26 35 22 26 29 16 31 43 47 57 139 53 6 4 12 25 21 104 93 58 2 16 32 18 44 31 38 36 30 63 71 34 62 63 155 67 15 20 19 9 32 51 109 24 40 66 183 57 21 27 11 23 32 29 18 51 66 48 77 39 2 12 7 16 15 47 53 29 7 21 32 25
93 35 23 7 32 35 54 30 48 44 121 37 12 12 27 2 36 48 88 41 17 16 33 8 33 22 27 37 37 19 22 22 47 77 134 59 0 10 11 21 21 106 92 53 4 19 34 11 49 29 35 25 36 65 51 40 57 71 138 72 15 15 15 12 32 50 95 29 38 61 170 60 22 26 9 28 48 43 32 66 63 49 83 38 1 8 6 10 18 47 45 26 7 20 30 24
84 35 22 17 36 19 37 23 49 44 122 36 19 11 19 4 30 60 114 44 13 6 40 13 24 23 17 25 41 21 24 35 42 59 124 51 0 11 10 17 27 121 78 63 4 10 39 13 73 69 37 52 44 79 90 55 60 49 140 61 9 18 17 12 41 53 112 28 45 100 292 73 18 23 11 36 39 27 24 52 45 43 72 35 1 4 5 10 30 60 37 23 15 21 28 20
112 36 18 21 44 30 52 31 71 62 142 42 12 16 28 9 43 56 112 40 16 11 47 8 26 33 22 36 34 20 32 40 55 67 174 60 0 10 11 17 22 135 76 59 4 16 60 11 77 81 49 72 41 91 101 71 61 75 155 64 13 16 22 15 42 57 101 34 47 79 278 71 23 27 11 31 39 37 34 53 72 59 93 53 1 12 7 9 16 65 50 28 12 24 25 21
97 30 32 22 44 37 62 26 47 49 124 46 13 23 24 9 46 54 129 35 20 14 43 14 30 31 19 34 38 16 33 52 51 78 177 59 0 18 12 23 33 107 103 82 5 20 43 17 57 38 33 32 44 64 96 49 72 64 143 57 14 16 18 19 39 63 123 33 35 84 177 54 26 28 5 39 53 36 27 73 55 68 97 52 7 5 11 17 22 48 46 27 17 23 35 29
90 37 25 19 38 42 51 30 59 46 119 40 17 10 31 10 56 51 116 48 16 11 40 13 32 30 21 30 31 24 33 40 64 62 171 61 2 17 10 30 25 112 93 58 8 13 40 16 47 30 33 26 41 57 86 49 71 82 140 71 12 26 17 10 46 60 116 31 37 65 185 52 18 35 12 33 47 24 33 59 67 60 97 50 0 12 15 19 19 45 44 22 13 19 38 25
100 43 17 15 41 32 54 30 61 48 135 53 14 11 25 11 42 56 104 44 17 9 44 9 28 25 25 32 29 14 27 34 44 61 170 47 0 6 13 24 24 132 95 63 5 15 50 11 90 84 37 62 54 77 103 58 59 73 140 55 9 22 17 15 28 54 100 28 60 90 284 81 23 34 10 29 35 24 32 39 43 63 90 31 0 6 12 13 24 56 50 27 15 20 22 28
