421 96
2 10 3 6 9 2 2 12 14 9 32 8 2 6 3 3 14 17 15 23 1 2 2 0 0 1 1 5 3 3 2 5 7 1 36 11 0 0 0 1 0 6 10 7 0 4 0 8 7 6 1 3 1 4 1 1 5 14 26 9 0 1 2 1 5 5 16 1 4 0 6 4 4 1 2 9 3 4 3 7 21 26 26 5 0 3 2 1 5 5 16 9 2 4 5 3
3 0 0 0 2 1 2 0 4 46 0 11 1 5 5 3 0 0 1 1 2 1 1 0 5 3 0 3 0 0 5 1 105 173 70 78 0 0 5 3 2 3 1 1 0 1 3 1 1 0 0 0 0 0 2 1 1 36 8 20 2 0 1 0 0 0 1 10 0 1 4 0 5 7 8 5 31 16 1 29 196 253 213 122 1 4 1 1 5 0 4 1 0 3 0 1
2 0 0 0 0 0 1 0 0 30 2 4 0 3 1 4 1 1 0 0 1 1 0 3 1 2 1 1 2 1 0 1 76 99 35 87 2 0 0 2 0 1 0 1 0 0 2 1 0 0 0 0 0 0 0 0 2 24 2 17 0 0 0 0 1 2 1 15 0 0 3 5 5 1 3 2 2 4 0 0 120 279 142 87 3 3 1 10 5 3 2 5 4 0 2 1
1 0 0 1 0 1 0 0 2 13 4 9 0 0 1 3 0 0 0 2 1 2 2 0 1 5 2 0 0 1 0 0 47 86 34 78 0 2 2 0 2 0 1 1 0 0 0 0 0 2 1 0 0 0 1 0 0 14 0 10 0 0 0 1 0 0 1 2 0 0 2 2 1 2 0 0 1 0 0 0 66 217 66 50 0 0 0 1 0 0 2 6 0 0 1 2
0 1 0 0 1 2 0 1 1 26 1 10 2 0 1 3 2 0 2 0 0 1 0 0 4 2 5 1 0 0 0 0 80 116 29 75 0 4 0 0 1 3 1 9 0 1 1 0 0 0 1 1 0 0 0 1 2 26 3 16 1 1 2 1 0 0 0 12 0 0 7 0 4 4 0 0 1 0 1 1 103 333 129 84 1 2 1 2 3 2 4 3 1 1 0 2
0 0 0 2 0 2 1 0 0 9 5 7 0 1 4 2 4 0 0 2 0 0 1 0 2 0 3 0 0 5 0 0 24 33 13 36 0 0 0 5 2 0 3 5 0 1 0 0 8 15 0 5 1 0 0 4 3 6 5 3 1 0 2 2 0 2 0 6 0 0 1 0 5 4 0 1 0 0 0 0 44 129 52 56 5 0 0 3 0 2 2 0 0 0 1 1
2 0 0 0 1 0 0 1 1 63 13 27 3 9 5 19 10 2 17 6 0 1 3 3 4 5 8 6 0 4 8 6 181 289 107 164 2 4 5 0 5 3 8 8 0 2 0 5 1 6 1 4 1 0 1 0 1 65 6 32 0 5 5 4 5 1 9 33 4 0 10 2 2 5 1 4 3 9 4 10 243 579 294 225 7 9 3 17 14 11 13 8 1 1 2 7
1 0 1 0 0 0 0 0 1 13 0 4 2 0 3 0 0 0 0 1 0 0 0 0 1 0 1 2 0 0 0 0 36 43 25 41 0 0 0 0 0 0 1 2 0 1 0 0 2 1 0 0 0 0 0 0 3 14 3 4 1 0 1 0 0 1 0 2 0 0 0 0 0 1 0 0 0 2 1 1 44 116 62 29 0 2 0 1 1 0 0 2 0 1 1 0
9 3 0 2 1 1 1 2 2 95 9 25 3 2 4 3 8 4 4 4 1 2 2 7 11 3 3 7 4 4 8 2 189 346 114 212 0 6 10 10 2 9 3 18 0 5 11 52 3 1 0 6 0 4 0 3 7 105 10 41 2 3 3 3 4 6 7 41 0 0 8 10 5 13 1 5 1 4 7 7 193 799 254 208 4 8 0 10 4 8 6 5 2 8 9 9
12 3 3 2 1 0 3 3 3 95 13 29 5 2 4 3 8 8 6 4 1 5 2 8 11 2 8 6 2 4 9 2 190 352 116 220 1 6 6 8 4 10 6 27 0 5 15 52 2 1 0 3 0 4 0 3 8 107 13 41 2 3 2 4 4 5 6 39 0 1 11 11 5 13 1 8 4 5 7 7 200 810 264 215 4 8 0 10 5 8 6 7 2 8 9 11
5 1 2 2 1 0 6 0 4 39 3 13 2 0 5 10 4 0 2 3 0 1 3 5 5 3 5 2 0 0 9 2 107 174 38 137 0 0 3 4 0 0 1 4 0 1 9 3 3 5 2 3 3 2 0 1 5 32 6 21 0 0 6 2 3 0 0 33 0 1 24 0 3 4 2 3 1 2 0 1 80 248 112 105 1 1 0 9 0 3 4 2 1 2 3 0
4 2 0 2 1 5 3 2 3 76 12 35 2 2 6 11 2 0 4 7 0 5 1 0 5 6 13 13 1 2 2 5 250 480 177 285 7 3 2 3 0 2 9 12 0 4 10 11 3 3 2 0 2 10 1 4 4 97 12 54 1 2 1 0 0 7 2 27 3 3 18 1 8 17 2 9 7 7 4 7 253 773 316 351 4 10 5 20 5 5 15 5 7 1 4 5
4 2 0 2 1 5 3 2 3 82 13 35 2 2 6 11 2 0 4 7 0 5 2 0 5 6 13 14 1 2 2 6 250 498 180 283 7 3 2 3 0 2 9 12 0 3 10 11 3 3 2 1 2 10 1 4 4 98 16 54 4 2 1 0 0 8 4 27 3 3 19 1 10 19 2 9 7 7 3 7 259 779 323 355 4 10 5 20 5 5 15 5 7 1 4 6
4 2 3 2 1 5 3 2 3 78 12 37 2 4 6 11 2 0 4 8 0 5 3 0 6 6 14 13 1 2 2 5 252 493 183 285 7 3 2 3 0 2 9 12 0 4 10 11 2 5 2 1 2 10 1 4 4 97 12 53 1 2 1 0 0 7 3 27 3 5 19 1 8 19 2 10 7 7 4 7 262 789 324 364 4 11 5 19 5 5 15 5 7 1 4 5
4 2 0 2 1 5 3 2 3 82 13 35 2 2 6 11 1 0 4 7 0 5 2 0 6 6 14 14 1 2 2 5 252 499 181 285 7 3 2 3 0 2 9 12 0 3 10 11 3 3 2 1 2 10 1 4 4 98 15 54 4 2 1 0 0 8 3 27 3 3 19 1 10 19 2 9 7 7 3 7 261 780 323 357 4 10 5 20 5 5 15 5 7 1 4 6
5 0 3 0 1 0 3 3 5 38 8 21 4 1 12 5 2 1 2 4 1 7 2 0 5 0 1 4 0 1 4 0 145 224 80 156 0 3 4 1 3 2 3 6 1 3 4 1 1 2 2 4 0 1 3 1 7 49 8 25 5 2 1 4 3 1 2 15 1 1 11 0 5 7 1 3 1 5 1 5 167 599 223 145 3 0 5 7 1 0 8 4 0 4 8 4
6 0 3 0 1 0 1 3 4 31 5 15 4 1 11 2 1 1 2 4 1 7 1 0 4 0 1 4 0 1 4 0 139 205 74 144 0 1 4 1 3 2 3 6 1 3 4 1 0 0 2 0 0 1 3 1 6 46 4 25 4 2 1 4 3 1 2 15 1 0 11 0 5 7 1 1 1 4 1 6 155 550 212 138 3 0 5 7 1 0 8 4 0 4 7 1
8 0 3 1 1 0 1 3 4 33 5 21 4 1 11 2 1 1 2 6 1 7 2 0 5 0 1 4 0 1 4 0 142 206 75 147 0 1 4 2 3 2 3 6 1 3 7 1 0 0 2 0 0 1 2 1 6 46 8 26 4 2 1 4 3 1 2 15 1 0 11 0 5 8 1 1 1 4 1 9 155 562 213 141 5 0 5 7 1 0 8 4 0 4 8 4
1 1 1 0 0 0 0 1 2 23 8 6 3 3 2 3 0 1 4 0 1 0 4 6 7 4 3 12 0 0 0 5 94 170 67 143 2 1 1 6 6 2 1 14 0 3 10 8 2 1 1 1 2 5 0 1 2 40 5 17 0 2 1 1 3 1 5 8 1 0 4 0 3 9 2 2 2 3 2 2 168 427 218 130 5 7 1 12 2 7 7 10 0 5 3 11
3 1 1 2 1 0 0 1 2 24 8 6 3 3 2 3 0 1 4 3 1 0 4 6 10 2 3 14 0 0 0 5 96 169 68 143 2 1 1 6 6 2 1 14 0 3 10 8 3 3 2 2 2 5 2 1 2 40 7 17 0 2 1 1 3 1 5 8 1 0 4 0 6 11 2 2 6 3 2 2 168 427 218 130 5 7 3 12 2 7 7 10 0 5 3 11
2 1 1 0 0 0 0 1 2 24 8 6 3 3 2 3 0 1 4 3 1 0 4 6 7 2 3 12 0 0 0 5 96 169 69 143 2 1 1 6 6 2 1 14 0 3 10 8 2 2 3 0 2 5 0 1 2 40 7 17 0 2 1 1 3 1 5 8 1 0 4 0 1 10 1 2 7 3 2 5 168 429 216 130 5 7 1 12 2 7 7 10 0 5 3 11
3 1 1 0 0 0 0 1 2 24 8 6 3 3 2 3 0 0 4 3 1 0 4 6 7 2 3 12 0 0 0 5 96 170 69 143 2 1 1 6 6 2 1 14 0 3 10 8 2 1 1 0 2 5 0 1 2 40 5 17 0 2 1 1 3 1 5 8 1 0 4 0 1 9 1 2 6 3 2 5 168 429 218 130 5 7 1 12 2 7 7 10 0 5 3 11
3 9 2 8 2 5 3 4 4 150 12 39 3 6 9 22 8 5 12 10 3 1 13 2 10 13 6 24 2 2 18 0 412 672 222 485 2 9 18 18 13 8 14 26 3 0 7 4 2 4 3 4 1 4 3 2 12 162 10 97 0 0 5 11 3 0 11 69 2 9 16 11 9 22 0 10 8 9 7 4 689 1731 913 549 10 4 8 26 17 13 23 21 3 11 6 7
3 9 2 8 3 5 3 4 4 152 12 40 3 6 9 22 9 5 13 10 3 1 13 2 10 13 7 26 2 2 18 0 414 674 223 486 2 9 18 18 13 8 11 28 6 0 7 4 7 4 8 6 1 4 3 2 12 162 12 97 0 0 5 11 3 0 10 69 2 9 16 11 9 24 0 11 8 9 7 4 689 1733 914 551 10 4 8 26 17 13 23 21 3 11 5 7
3 9 2 8 2 5 3 4 5 152 13 40 3 6 9 22 8 5 12 10 3 1 13 2 10 13 7 25 2 2 18 0 406 666 221 485 3 9 18 18 13 8 10 26 3 0 7 4 2 3 3 6 2 4 3 2 13 162 9 97 0 0 7 11 4 0 8 69 2 9 16 11 13 26 1 12 8 9 7 4 686 1719 910 544 11 4 8 26 16 13 23 21 3 11 5 7
4 9 2 8 3 5 3 5 4 152 12 40 3 6 9 22 9 5 13 10 3 1 13 2 12 13 6 25 2 2 18 0 414 674 223 486 2 9 18 18 13 8 11 28 6 0 8 4 7 3 5 4 1 5 3 2 12 162 13 97 0 0 5 11 3 0 8 69 2 9 16 11 9 24 0 10 8 11 7 4 691 1730 912 548 10 4 8 26 16 13 23 21 3 11 5 7
5 1 0 1 0 0 0 0 5 32 5 3 1 5 0 1 4 0 1 3 0 0 2 3 3 2 0 2 1 0 1 0 62 124 48 67 1 1 5 0 2 4 3 3 0 2 1 1 1 0 1 0 0 0 2 0 0 21 3 14 0 4 0 2 1 2 1 26 0 0 9 2 4 11 0 3 0 6 1 3 74 247 191 68 1 5 0 2 4 0 1 1 2 0 0 1
5 1 0 1 0 0 0 0 5 32 5 3 1 5 0 1 3 8 1 3 2 0 2 2 3 0 0 2 1 0 1 0 52 119 46 64 2 1 5 0 4 5 4 3 0 2 1 1 1 0 1 0 0 0 2 0 0 21 4 13 0 4 0 2 1 13 4 24 0 0 9 2 4 11 0 3 0 6 0 2 70 225 180 65 1 5 0 2 4 2 1 1 2 0 0 1
5 2 0 1 0 0 0 0 5 32 5 2 1 5 0 1 7 0 3 5 0 0 2 3 3 2 0 2 1 0 1 0 61 125 55 71 1 1 5 0 2 7 3 3 0 2 1 1 1 0 1 1 0 0 2 0 0 23 2 17 0 4 0 2 3 6 2 27 1 0 11 2 4 13 0 3 0 6 1 3 74 248 188 72 1 5 0 2 4 0 1 1 2 0 0 1
0 4 0 0 0 1 0 2 128 239 35 239 0 1 3 0 7 9 0 6 0 8 4 0 10 10 1 12 0 5 0 9 119 525 67 310 5 0 5 3 9 12 2 6 1 0 2 0 3 13 1 3 2 2 2 0 38 79 34 80 0 0 4 4 2 13 5 6 0 0 8 0 4 23 0 1 4 5 0 8 150 435 82 312 1 1 0 0 3 9 1 5 3 0 3 0
0 3 2 3 1 3 0 5 46 170 28 149 1 7 3 0 10 16 4 14 0 1 4 0 16 16 2 10 2 1 3 1 74 195 41 130 13 4 14 13 3 15 4 4 1 0 2 0 2 5 1 6 0 4 2 0 30 87 20 62 0 1 4 0 19 28 18 16 0 1 7 0 6 14 0 4 2 2 1 7 59 186 34 129 1 0 0 1 2 7 3 5 4 0 4 7
30 0 0 0 0 0 0 1 0 14 1 1 25 1 0 1 0 11 0 0 0 1 1 1 1 0 0 1 0 0 0 1 27 34 8 24 2 0 0 2 0 9 0 2 0 0 1 1 2 0 0 0 0 0 0 0 0 5 0 3 0 1 1 2 1 2 0 2 1 2 14 7 3 2 0 0 3 1 0 0 52 97 45 111 0 1 0 1 0 1 3 1 0 1 1 4
0 2 0 0 0 0 0 0 1 35 3 8 2 1 4 3 3 0 1 2 2 0 0 3 0 0 0 0 0 0 0 3 99 170 33 59 0 1 1 2 0 1 1 5 1 0 2 3 0 0 0 0 0 1 1 0 0 28 5 21 0 1 1 0 0 0 1 22 2 0 13 5 3 3 0 0 0 0 1 2 138 430 162 82 0 0 0 2 6 1 6 2 0 0 1 0
2 3 0 0 0 0 0 0 4 17 9 3 0 0 1 2 0 3 1 0 0 0 1 1 0 3 2 3 0 0 0 5 38 75 21 25 0 0 2 0 0 1 2 3 2 0 0 0 4 3 1 1 0 0 0 0 0 21 6 5 0 0 0 2 0 5 4 0 4 3 1 2 2 4 0 3 0 0 2 8 19 80 35 25 0 0 0 0 0 0 4 0 0 2 0 0
6 8 6 1 0 5 0 2 2 25 6 4 3 1 2 8 5 3 1 3 0 0 2 2 10 0 1 3 2 0 6 5 50 119 31 54 4 6 8 5 1 3 0 6 0 0 2 4 4 0 0 2 1 5 1 4 2 19 1 16 0 0 0 0 0 2 0 13 2 0 1 4 6 8 0 2 2 1 2 1 75 246 80 78 3 3 2 10 3 7 5 10 0 0 8 19
13 3 1 2 0 0 4 0 0 48 3 13 5 0 1 5 0 0 2 2 0 0 1 2 8 2 5 4 0 0 0 1 137 339 73 127 0 0 3 1 0 2 0 13 0 0 6 3 3 4 0 2 0 0 1 1 1 53 5 19 0 1 0 0 3 0 5 11 0 0 4 2 2 6 2 1 0 12 2 1 142 570 209 146 0 0 4 15 3 1 5 2 0 2 0 1
12 1 0 1 0 3 5 0 0 31 2 10 6 2 2 4 4 2 3 1 1 1 8 1 2 4 1 4 0 0 0 3 64 148 24 83 3 0 3 1 0 0 1 5 2 0 0 2 2 2 2 1 0 0 0 2 2 17 4 12 10 0 2 0 6 1 5 10 2 0 8 1 1 7 2 3 0 1 2 2 36 280 123 71 1 15 1 2 3 1 0 1 0 0 0 0
9 5 0 2 2 4 2 3 1 77 4 28 2 5 3 8 8 2 8 8 1 3 4 0 5 1 8 20 2 2 1 0 275 267 146 313 0 8 1 10 2 13 10 16 0 0 6 12 0 1 0 0 4 2 1 0 0 78 10 52 0 2 1 2 7 7 2 31 0 2 4 5 8 7 3 10 1 12 0 3 524 885 532 308 6 5 6 35 4 10 6 7 2 6 5 9
4 0 0 2 0 0 0 3 1 16 1 8 2 2 1 3 2 0 1 1 0 0 0 0 7 1 3 6 0 2 0 0 82 154 64 112 0 0 0 2 3 1 2 3 0 0 0 1 1 0 0 0 0 2 1 1 0 36 0 16 1 0 1 2 0 0 0 13 0 0 0 1 0 2 1 1 0 4 5 0 120 288 165 101 2 0 1 3 1 2 2 2 1 1 0 3
9 1 0 4 2 0 6 1 3 38 3 23 12 3 6 2 0 0 3 2 0 3 2 3 6 5 6 19 1 5 1 5 88 160 51 129 5 5 9 1 3 2 1 10 1 1 12 2 8 3 0 7 2 0 0 0 8 31 11 14 2 0 2 0 1 0 1 32 0 1 2 1 1 9 3 9 3 5 0 5 112 273 63 129 0 2 2 8 2 1 6 3 1 4 2 3
6 0 2 0 0 2 1 1 4 79 6 21 7 4 7 3 5 0 1 0 2 6 3 4 4 4 1 11 1 0 3 0 249 383 135 270 2 4 1 0 3 1 4 15 0 0 1 2 2 0 2 0 1 1 2 0 2 68 4 65 0 0 4 2 6 2 1 14 1 2 0 0 3 9 1 7 3 0 2 5 435 949 431 251 5 9 1 6 8 6 1 9 0 5 0 0
12 5 1 5 1 0 3 0 9 32 7 28 1 4 4 11 6 3 12 3 1 2 2 4 52 16 24 24 0 9 5 5 181 282 100 188 0 5 5 0 4 4 8 19 0 0 5 3 21 8 5 10 0 0 1 0 12 50 6 43 3 0 3 5 2 1 2 23 3 0 7 0 43 30 14 21 2 3 3 4 227 600 312 201 1 4 4 15 18 5 16 15 0 4 3 2
0 3 3 4 1 0 0 2 1 130 1 33 2 3 12 10 1 1 2 0 0 1 3 1 8 9 15 16 1 0 6 0 312 380 156 416 0 7 2 4 3 9 1 12 3 3 0 0 9 5 1 13 0 0 6 0 4 126 3 163 6 3 0 3 1 0 0 13 1 0 2 2 13 14 4 8 5 5 0 4 908 1674 967 490 0 4 2 10 19 7 1 9 4 2 1 2
2 2 0 4 0 2 2 0 2 15 2 4 2 1 2 1 0 0 3 0 0 0 0 0 1 0 1 0 2 0 0 0 32 48 9 47 0 1 4 0 0 5 2 4 0 0 0 0 0 0 0 0 1 2 0 0 0 23 6 6 0 0 3 0 0 0 0 4 0 0 1 0 2 3 0 1 0 0 0 3 41 126 51 40 0 0 0 1 0 0 4 2 0 0 2 1
5 5 0 5 2 2 3 0 3 16 7 5 2 1 2 1 2 0 3 2 0 0 0 0 2 0 1 1 5 2 0 1 35 54 13 49 0 1 6 0 0 8 4 9 0 0 1 0 0 0 1 0 1 1 0 1 0 25 5 7 0 0 2 0 1 0 0 9 0 0 1 7 2 2 1 1 0 2 1 3 43 126 50 41 0 0 0 0 3 4 5 5 0 0 2 1
10 7 1 5 0 0 8 1 6 44 5 19 1 6 1 18 3 1 2 0 0 2 4 1 7 8 8 14 6 1 0 7 109 173 63 116 1 1 13 3 0 3 4 9 2 1 9 4 2 2 4 2 8 1 2 1 4 42 18 14 0 3 4 3 4 3 7 41 3 0 1 0 14 15 3 7 1 4 1 2 90 257 99 139 0 0 0 4 1 1 6 1 0 1 1 5
4 2 0 0 3 1 1 3 3 46 3 5 2 4 2 7 1 0 2 1 1 1 4 0 1 2 0 0 3 0 3 2 149 143 61 138 0 3 5 1 4 0 4 7 0 0 1 6 0 2 0 0 0 0 1 0 1 41 2 27 2 3 0 0 3 0 4 11 0 1 0 1 0 3 0 2 0 0 0 0 270 507 261 125 3 0 2 12 7 8 2 6 0 1 0 2
6 1 0 2 4 0 2 0 3 24 8 5 1 0 3 3 0 0 2 3 0 0 4 0 3 0 1 4 4 0 3 0 48 132 47 55 1 0 5 2 3 0 1 4 0 1 4 3 5 2 1 1 1 2 0 0 2 20 11 34 1 0 1 0 2 1 0 9 0 0 7 0 12 14 1 7 60 24 15 74 131 193 129 108 1 0 1 1 0 0 0 0 0 0 2 1
8 5 1 1 7 8 2 1 24 65 30 34 17 2 9 12 9 6 17 19 2 2 8 1 15 12 5 13 3 8 3 6 164 355 112 242 4 6 14 5 6 9 16 26 2 4 13 8 7 1 4 1 6 2 2 5 27 68 16 45 4 1 9 2 8 8 8 67 0 4 7 6 16 13 17 9 43 26 11 41 202 422 240 195 4 4 1 6 16 3 41 19 5 3 2 4
3 0 0 2 0 0 0 1 0 7 8 4 0 0 0 1 1 0 2 2 0 0 2 0 23 3 2 7 0 0 0 2 46 57 21 61 0 1 0 0 0 0 3 0 0 0 0 0 0 0 1 0 2 0 0 0 3 24 4 15 2 1 0 0 0 0 0 0 0 0 0 0 0 4 0 0 2 0 0 0 66 113 91 45 0 1 0 4 4 4 1 0 0 0 0 0
3 1 1 2 0 0 1 0 5 47 2 17 6 2 1 9 0 3 0 0 0 0 4 0 7 1 1 8 0 0 3 4 142 209 76 196 0 0 3 11 1 1 3 1 0 1 0 2 0 2 0 1 0 6 3 2 0 66 5 47 0 1 2 0 0 0 1 16 0 3 1 3 3 6 2 3 4 1 1 1 311 622 320 189 5 1 1 4 1 1 2 2 1 0 2 0
1 1 0 0 0 0 0 0 0 38 3 11 1 0 0 1 0 1 0 0 0 2 2 0 1 1 1 2 0 0 1 5 92 109 26 101 0 0 2 1 2 2 0 1 0 0 0 0 0 0 0 2 0 0 0 0 1 21 4 17 0 2 0 1 0 1 0 3 0 0 0 2 1 1 0 2 2 2 0 7 192 389 179 102 3 2 0 3 5 1 3 3 0 4 2 0
1 0 0 2 1 1 3 1 3 45 9 23 1 1 4 6 0 0 1 5 0 2 1 0 5 6 9 5 1 2 0 4 159 291 112 169 1 2 2 3 0 1 4 8 0 3 10 6 1 1 0 0 6 6 1 0 2 69 7 35 1 1 1 0 0 5 0 12 2 0 14 1 1 11 1 5 6 3 1 6 191 500 201 220 1 8 5 13 5 4 11 1 4 1 1 3
0 4 1 1 1 1 0 0 1 71 3 28 3 0 1 2 4 0 0 0 0 0 0 0 4 0 1 4 0 0 6 2 140 264 77 174 0 1 2 5 3 4 3 11 1 1 2 0 3 5 0 2 0 0 0 0 0 51 5 27 2 1 0 0 2 0 1 8 2 2 0 0 2 6 0 2 0 0 0 2 200 482 274 153 0 0 1 11 15 2 4 5 0 4 2 2
2 1 4 2 0 1 1 1 3 71 12 20 12 0 3 19 4 2 5 12 1 4 2 8 4 4 2 6 10 2 9 1 293 351 132 292 1 6 10 4 2 5 2 13 2 0 4 3 3 2 0 1 1 1 7 0 2 97 9 57 1 1 3 4 2 0 9 50 2 2 14 2 7 13 3 9 4 5 0 8 304 718 402 283 6 6 7 24 12 13 7 5 2 9 4 3
0 0 0 2 0 0 2 1 0 15 1 7 0 0 3 0 0 1 0 5 1 0 2 0 0 2 0 2 0 0 0 0 60 124 32 81 4 0 0 0 4 3 0 1 0 0 2 6 1 0 0 1 2 0 3 0 4 10 1 14 0 0 1 0 2 0 0 17 0 1 0 4 7 1 4 0 0 2 0 2 52 189 77 94 0 0 0 3 2 3 0 1 1 0 0 3
2 1 1 0 0 0 0 1 4 15 5 6 2 0 0 3 0 0 2 0 0 0 4 2 8 2 3 6 0 0 0 0 66 117 45 90 2 1 1 3 2 2 1 9 0 2 10 4 3 3 2 0 0 0 0 1 2 32 3 7 0 2 1 1 3 1 3 7 1 0 4 0 0 7 0 2 2 3 2 1 105 300 146 87 3 5 0 9 2 6 5 3 0 3 1 6
1 0 2 0 0 0 1 0 0 13 1 2 0 0 2 0 0 0 0 2 0 0 2 0 1 0 0 3 0 0 1 0 45 50 27 51 0 0 1 4 0 0 1 0 0 0 0 0 0 0 0 0 0 0 0 0 0 9 4 6 0 0 0 0 0 1 0 7 0 0 4 0 1 1 0 1 0 1 0 0 31 142 46 41 0 6 0 2 3 3 1 5 3 1 0 3
20 7 2 8 3 0 7 2 6 87 29 55 10 12 6 31 1 1 13 5 0 6 9 3 27 8 5 11 2 3 20 3 253 712 161 336 6 8 12 12 4 1 1 24 3 8 6 6 9 5 4 8 4 2 6 5 9 105 22 50 4 0 12 1 3 2 6 57 2 1 5 6 11 34 2 14 2 7 1 13 306 1120 354 384 15 8 1 18 14 11 15 7 3 7 11 12
13 7 4 9 4 1 13 10 14 152 16 64 18 3 12 28 13 8 14 9 2 2 8 3 18 10 11 25 4 6 28 5 448 886 235 630 9 8 18 14 8 7 7 44 1 4 19 15 6 1 3 4 0 11 11 7 12 144 10 70 7 0 8 7 8 7 4 51 0 3 8 2 19 41 7 23 10 18 9 18 344 1423 415 486 6 12 11 42 27 20 19 20 3 13 5 14
7 1 7 9 0 6 1 5 9 43 8 16 6 5 8 11 2 0 2 1 2 1 8 0 13 3 4 5 2 1 5 3 115 243 43 171 5 2 10 3 1 4 11 19 1 2 6 14 3 3 1 3 2 3 2 4 3 42 7 34 0 3 2 6 2 2 3 16 0 0 2 1 18 17 2 11 0 4 2 8 124 440 120 140 1 5 5 13 6 13 5 2 1 8 5 8
14 4 1 3 3 0 2 1 15 80 98 34 17 9 8 14 14 16 22 15 3 4 5 6 10 7 7 42 3 3 9 3 244 445 217 298 10 13 6 7 16 3 33 18 2 6 21 21 11 5 2 13 2 8 3 2 21 123 211 61 2 4 3 2 10 15 14 54 2 3 6 4 17 18 8 15 29 11 3 46 218 795 313 286 7 4 2 20 16 14 16 17 0 8 9 6
7 2 0 0 1 1 1 3 2 49 9 9 13 1 1 11 2 3 2 8 0 0 1 3 11 8 3 5 0 3 4 1 114 193 78 193 2 3 4 4 7 4 5 10 1 0 5 3 2 1 2 1 4 1 0 1 4 43 10 28 2 3 4 2 2 0 1 26 0 1 3 5 11 7 2 6 4 2 3 4 106 340 125 127 2 0 3 8 6 4 7 1 0 0 2 2
19 2 1 1 3 1 5 4 8 63 13 21 8 10 3 13 3 1 13 2 2 0 15 3 15 8 6 3 4 9 11 1 157 350 91 248 3 4 8 14 14 4 7 25 1 0 10 9 7 1 0 4 1 0 3 8 12 69 6 27 2 8 1 10 2 0 2 34 0 0 6 6 8 18 2 10 1 8 0 6 135 546 158 245 3 8 7 27 8 4 5 9 2 10 7 7
5 0 2 1 0 0 1 1 8 59 5 39 3 1 5 9 5 0 6 6 4 2 8 1 15 1 1 5 5 0 3 0 177 360 90 179 1 2 0 0 0 0 8 8 0 1 6 2 2 1 1 2 3 4 2 0 0 90 18 42 5 3 7 1 3 0 0 24 0 0 4 0 4 5 1 2 2 1 6 5 134 568 189 256 11 1 3 7 4 6 8 4 2 0 3 0
10 5 3 19 0 4 1 3 14 66 111 25 16 7 10 13 10 9 15 3 1 3 8 5 21 21 21 42 4 0 10 4 265 442 213 306 0 1 11 9 10 17 17 22 1 8 9 9 13 5 4 19 0 1 7 0 26 92 225 52 0 12 4 4 22 5 19 35 0 2 14 9 10 18 3 10 6 4 8 7 195 755 305 280 12 3 3 16 7 14 14 11 1 8 4 2
26 2 1 3 0 2 0 2 1 259 12 201 17 15 13 13 4 1 2 10 2 3 6 0 30 19 12 60 4 11 6 13 825 1541 419 1882 11 14 9 32 24 1 8 74 0 14 25 25 13 7 3 4 2 5 0 5 9 365 18 445 2 3 2 6 2 3 7 25 1 0 2 9 17 29 7 21 5 7 5 16 1830 3077 2022 1627 15 8 9 35 3 9 11 16 3 9 11 11
12 0 6 2 8 3 15 1 8 165 26 74 13 3 18 30 7 3 4 7 4 7 9 3 28 15 11 15 1 12 23 4 463 1100 282 592 2 5 15 11 5 6 12 24 1 8 25 14 17 1 1 1 1 1 10 2 8 140 13 60 5 2 5 4 8 0 5 45 0 1 17 4 16 39 4 24 5 14 5 8 264 1662 362 514 3 6 9 34 1 2 9 17 2 9 11 18
12 1 1 2 1 0 5 0 5 40 15 22 0 2 3 11 4 1 2 0 0 0 2 4 13 1 1 9 2 3 4 1 96 189 36 150 2 2 2 3 2 1 0 4 0 2 5 2 3 1 0 2 1 0 2 1 1 35 10 31 2 0 3 0 4 1 3 28 0 0 5 2 6 8 4 1 9 2 4 18 98 365 96 109 6 3 0 0 7 7 3 9 2 3 1 0
35 4 6 8 10 2 12 7 8 314 11 102 18 8 14 52 11 3 9 13 6 6 9 5 57 28 25 53 5 22 31 26 1028 2299 697 1445 15 17 10 27 3 2 13 42 3 6 25 37 19 4 0 1 5 6 5 4 15 355 18 128 15 0 10 14 5 0 9 33 1 3 12 6 42 67 14 38 21 38 4 30 752 3326 856 1005 11 17 27 71 17 21 21 35 5 23 16 37
10 3 9 6 1 1 4 0 14 72 27 40 3 2 10 10 2 2 4 4 2 0 2 2 14 4 4 8 2 0 5 5 188 407 83 236 4 12 3 0 10 3 3 12 1 0 8 2 6 2 0 1 1 0 6 2 3 55 10 28 2 2 5 3 4 2 2 42 0 1 9 1 10 8 3 10 19 14 4 22 124 636 195 212 3 6 5 8 3 11 7 4 0 6 0 0
14 1 4 5 0 1 8 2 9 104 8 33 10 4 7 17 9 3 8 2 3 0 5 2 17 9 10 7 3 2 10 2 245 498 126 300 1 2 5 5 5 0 7 18 3 1 7 7 10 1 0 1 1 1 4 10 10 93 11 35 1 0 7 0 1 4 4 37 4 0 5 0 9 21 1 9 7 14 4 5 197 831 201 260 6 3 6 10 4 11 11 11 1 2 0 10
1 3 0 3 1 0 2 4 6 36 34 17 6 1 5 17 11 0 4 3 0 0 5 4 6 5 2 7 0 1 5 5 102 218 83 124 0 6 5 12 5 5 6 8 0 1 4 0 9 0 0 2 2 3 0 1 5 28 28 32 1 0 1 1 4 1 5 17 0 0 4 2 5 21 1 7 0 3 4 0 106 330 166 131 4 1 6 6 8 4 6 10 1 0 0 4
9 6 3 1 0 0 3 1 6 76 9 30 5 1 10 19 13 4 3 0 0 0 4 2 11 4 1 9 1 1 9 2 206 370 147 266 1 3 4 5 4 8 3 11 1 0 2 4 0 4 0 0 0 4 3 1 8 79 4 39 8 5 2 4 1 0 6 26 5 0 10 4 3 10 6 5 17 10 1 18 183 665 201 245 5 2 3 12 5 1 11 5 2 0 4 4
6 1 4 0 0 1 0 0 0 30 7 16 2 0 3 4 1 2 1 1 0 0 0 0 0 0 4 2 0 4 6 1 63 93 56 76 2 0 7 4 2 3 2 5 2 7 0 2 0 0 3 2 1 2 0 5 4 22 5 14 0 0 1 0 2 1 1 6 0 0 1 0 4 9 3 2 1 0 0 3 71 212 49 101 3 0 0 0 3 5 2 4 0 0 1 0
14 3 3 1 7 1 5 2 22 51 88 20 10 3 1 16 11 10 12 12 2 1 8 3 12 18 11 39 0 3 6 3 168 319 171 192 0 3 8 4 6 5 23 26 3 3 11 5 6 3 7 6 2 4 0 2 30 73 119 44 4 4 4 1 14 10 23 16 0 2 7 8 8 8 3 19 5 5 2 5 155 546 259 184 4 2 2 16 13 9 26 6 1 4 6 10
14 9 7 7 4 1 11 4 3 87 14 49 5 1 9 19 4 2 7 11 4 0 7 2 13 2 5 10 6 2 4 3 286 480 153 310 3 6 3 7 2 3 6 16 3 3 20 10 11 5 0 5 1 7 5 6 5 127 26 79 0 4 5 0 1 2 3 22 1 0 28 6 6 19 1 16 30 16 5 44 301 1124 291 341 3 8 2 15 6 9 8 10 2 5 1 8
4 0 0 1 0 0 0 2 5 24 5 2 2 1 2 0 4 0 1 1 0 0 1 1 3 3 1 5 0 1 6 5 39 119 39 45 1 1 0 0 1 0 1 0 0 0 1 3 1 1 1 0 0 1 0 0 1 35 6 7 0 1 0 0 0 0 1 1 0 0 6 1 8 1 1 0 14 1 1 5 37 144 55 58 0 4 0 0 1 1 0 3 0 2 3 1
9 2 0 2 5 4 2 11 6 148 12 54 8 4 8 17 3 7 3 6 0 1 3 2 22 8 8 18 7 7 14 14 423 841 261 553 4 8 3 8 3 3 3 15 1 3 10 10 11 8 0 4 1 2 2 6 13 137 14 83 10 7 4 2 2 0 4 25 2 0 4 8 38 61 16 21 276 108 44 344 734 1398 614 634 2 6 6 21 12 6 9 14 1 9 6 14
8 5 2 0 0 0 4 0 3 66 10 22 7 0 5 5 1 5 5 4 1 2 3 3 9 2 7 4 1 0 11 1 140 208 70 121 4 3 1 0 4 6 2 15 0 0 0 1 4 0 1 1 0 2 9 0 5 43 13 25 0 1 2 4 3 1 2 20 1 2 6 0 7 14 1 8 1 5 3 0 105 373 134 153 2 4 0 9 7 2 9 2 0 1 1 1
6 6 18 5 6 0 3 3 13 8 7 1 0 0 3 0 4 0 5 2 0 0 0 0 7 17 15 20 0 4 4 6 21 10 23 11 0 2 7 1 1 1 1 2 1 0 2 0 19 23 11 9 2 1 5 6 11 5 5 12 3 2 4 2 3 0 3 0 0 0 0 0 5 15 12 13 33 11 6 18 30 18 17 20 0 4 4 0 1 4 2 0 0 0 0 0
11 6 4 1 1 2 2 3 2 65 6 13 4 5 7 11 2 5 5 3 1 0 6 1 10 4 4 4 0 3 5 6 154 291 78 235 2 3 2 3 2 2 1 14 0 1 4 2 5 2 2 1 0 1 4 0 6 46 7 31 6 0 1 2 0 1 1 19 0 4 15 3 6 16 0 2 13 10 5 10 108 470 185 173 2 0 0 10 1 4 7 8 1 2 3 3
12 3 2 3 4 2 7 5 7 161 16 64 11 3 11 41 4 9 5 14 4 1 17 4 27 13 15 34 5 6 21 6 542 940 259 680 3 15 4 21 4 9 8 40 2 3 24 11 8 2 5 2 1 3 3 7 8 117 19 81 4 2 12 3 0 3 3 46 2 5 23 3 23 34 9 22 15 15 4 22 330 1457 437 531 9 15 9 53 18 16 20 33 5 14 9 27
13 2 4 4 4 0 2 0 1 32 28 29 2 0 1 9 2 3 5 17 5 1 3 0 4 4 1 0 8 2 4 7 169 289 89 167 1 2 3 0 10 1 2 5 0 3 14 12 1 3 0 0 2 6 2 3 7 49 10 16 0 0 0 0 3 0 0 30 0 1 5 1 9 7 7 13 42 14 4 29 171 552 176 168 2 2 5 16 3 4 4 6 2 3 0 2
2 1 0 3 1 3 0 1 2 17 8 4 5 0 0 0 0 0 0 4 3 0 1 1 5 1 0 1 1 0 0 0 77 136 20 70 0 0 2 1 0 0 1 3 0 0 3 0 2 0 1 2 0 0 1 0 1 17 5 13 0 0 0 0 0 0 0 29 0 0 3 0 6 0 2 5 0 0 5 1 76 207 99 97 1 0 3 3 0 4 0 3 0 3 1 0
9 3 1 5 2 0 1 2 4 29 6 17 7 1 2 3 5 4 4 7 0 0 7 0 12 1 7 5 0 0 3 0 80 169 61 106 0 3 8 6 4 3 1 9 0 1 2 4 4 2 0 7 0 0 2 1 0 38 6 30 4 1 4 2 1 1 3 29 0 1 6 2 6 10 1 8 12 12 2 8 111 350 118 118 3 0 2 7 4 4 5 3 1 0 10 0
4 3 3 2 3 1 8 2 6 111 12 25 11 4 3 11 2 9 2 3 2 6 4 2 8 2 0 15 6 2 11 2 438 699 217 407 4 0 2 10 4 3 1 25 3 3 8 8 10 1 1 0 0 2 2 7 10 93 17 44 3 1 4 0 0 3 1 24 0 0 8 2 12 17 9 11 3 5 3 6 374 1199 387 438 4 18 2 28 15 5 12 19 6 8 5 10
11 3 2 5 1 2 3 2 10 79 9 20 12 0 7 26 13 4 5 5 4 3 6 3 9 8 8 7 3 5 21 2 269 578 132 293 2 6 9 15 17 2 3 27 0 8 8 11 12 4 5 7 3 2 2 1 12 81 13 50 0 6 5 1 2 9 1 53 5 0 7 5 10 18 4 9 9 9 6 10 244 965 337 284 4 5 6 30 15 4 25 18 3 15 4 12
3 0 2 5 0 0 0 0 3 27 13 12 3 2 2 4 2 0 5 1 0 0 2 0 4 2 0 6 0 0 2 1 81 97 41 111 1 4 2 5 2 3 7 7 0 0 3 0 1 0 0 0 0 2 1 1 1 18 4 13 3 2 3 2 2 0 0 17 0 0 2 5 5 14 2 6 2 0 1 4 61 186 83 94 1 0 0 7 1 1 2 1 0 0 2 1
4 0 1 1 0 3 2 2 2 39 8 18 3 3 4 6 0 2 3 1 0 0 5 2 10 3 3 6 0 0 1 1 171 286 76 192 1 2 3 9 2 1 5 5 0 0 2 4 0 0 2 6 0 1 3 1 2 37 16 29 2 1 2 0 0 3 2 27 0 1 3 1 5 16 6 7 33 17 8 24 163 475 168 123 4 12 2 13 3 3 12 10 0 8 5 8
9 2 0 0 2 1 2 3 3 51 4 23 5 3 8 7 1 4 6 7 3 4 5 0 8 6 1 9 3 0 14 1 195 435 78 332 5 0 4 3 2 0 3 4 1 0 3 0 3 3 0 7 1 1 0 2 1 48 9 32 1 2 0 4 0 1 2 26 0 0 12 4 11 9 2 6 4 6 6 14 170 614 191 213 4 3 5 12 10 15 8 9 2 2 1 10
8 8 2 2 2 2 5 4 7 91 11 36 3 3 10 20 2 1 2 9 0 3 3 0 10 4 3 8 3 4 5 1 271 519 142 399 3 6 3 6 13 3 6 9 0 1 0 8 7 1 1 1 2 0 1 1 7 102 5 38 0 2 1 2 11 1 7 33 1 1 2 4 17 22 5 8 1 9 3 20 213 978 309 308 4 9 5 28 8 18 11 6 0 4 6 10
12 4 2 3 1 0 5 2 8 114 16 44 7 5 9 17 6 3 2 5 3 0 7 2 16 14 18 29 5 10 9 12 388 929 233 553 2 6 2 6 7 3 0 13 0 3 21 16 5 4 2 3 1 2 8 3 11 111 13 75 7 2 8 3 4 1 5 25 0 1 1 7 30 26 3 17 35 17 13 50 426 1392 534 480 5 17 5 32 7 6 13 16 5 12 10 28
0 0 0 0 0 0 0 0 0 12 0 1 0 0 0 5 0 0 0 0 0 0 0 0 0 0 0 5 0 0 0 0 51 39 21 33 0 0 0 0 0 0 0 0 0 0 0 0 0 0 0 0 0 0 0 2 0 5 0 7 2 1 0 0 0 0 0 3 0 0 0 0 0 0 0 0 0 0 0 0 48 103 48 24 0 0 0 3 0 1 1 1 0 0 0 4
2 1 0 0 0 3 1 0 5 12 0 1 0 1 1 1 1 0 2 1 0 0 0 1 1 0 5 2 0 0 2 1 23 34 17 41 0 3 1 1 2 1 2 3 1 1 1 1 0 0 1 1 0 1 0 0 0 16 0 1 0 1 1 1 0 0 0 5 0 0 1 0 2 1 0 0 1 0 0 0 23 89 53 29 0 0 1 2 3 1 2 0 0 3 0 0
2 0 0 1 1 2 1 1 2 31 6 9 0 0 1 4 1 0 3 5 1 1 2 0 1 0 2 1 3 0 3 1 60 86 31 70 0 1 1 1 2 0 1 2 2 0 4 1 0 0 0 0 0 3 0 1 1 23 4 14 0 0 2 3 0 1 2 15 0 0 1 2 2 5 0 4 2 0 1 2 82 271 90 73 1 1 1 2 2 1 5 4 0 3 1 0
1 0 0 0 1 2 0 3 6 31 4 9 2 0 1 9 1 0 4 6 0 0 0 0 4 1 4 4 0 2 2 0 97 133 51 111 1 6 5 1 4 4 2 7 2 3 3 2 1 0 1 0 1 1 0 1 1 30 4 26 2 1 1 0 3 1 2 10 2 1 4 0 3 6 1 0 0 0 0 0 132 359 159 96 1 4 0 4 1 5 2 2 4 2 0 3
2 2 1 1 0 0 0 1 0 10 3 1 2 1 0 5 1 1 1 1 1 1 1 0 1 0 0 0 0 0 1 1 28 57 22 27 0 0 0 1 3 2 1 0 0 0 0 1 0 0 0 0 0 0 0 0 1 20 3 6 0 0 1 2 0 0 5 8 0 0 1 2 1 3 0 0 0 2 3 0 38 130 55 43 0 2 2 4 2 5 2 2 0 0 3 2
0 1 0 1 1 5 1 1 59 179 7 133 1 1 0 1 1 2 3 5 0 1 0 1 2 3 3 0 0 0 0 0 54 111 19 105 0 2 0 1 0 2 0 3 0 0 1 2 0 1 0 0 0 1 0 0 40 59 5 68 0 1 1 0 5 1 1 4 0 0 1 0 0 10 0 3 0 0 0 1 89 292 42 193 0 0 0 2 1 4 0 0 0 0 1 1
0 0 0 1 0 1 0 0 12 47 0 11 0 1 0 0 0 1 1 2 0 0 1 0 0 0 1 1 0 0 1 1 23 73 20 26 0 0 0 0 1 0 2 1 0 0 0 0 0 0 1 1 1 0 0 0 10 19 4 9 0 0 0 0 0 1 1 0 0 2 5 0 1 3 0 1 1 0 0 2 17 94 25 34 0 0 0 0 2 0 2 0 0 0 1 0
0 1 0 0 2 1 1 1 2 17 5 7 0 2 0 4 0 2 1 1 0 0 1 0 1 1 0 4 0 1 2 1 20 39 14 24 0 0 0 3 0 2 3 4 1 1 0 2 2 2 0 0 0 4 0 2 4 9 6 9 0 0 1 1 3 6 2 5 0 0 2 2 1 0 0 1 1 1 0 2 35 111 48 24 0 0 1 2 1 3 0 1 0 1 0 2
1 0 1 0 0 2 0 2 2 29 4 10 0 0 1 0 1 1 0 1 2 3 0 1 1 6 1 1 0 1 0 4 18 32 8 21 0 1 0 1 0 1 1 2 5 2 1 0 4 0 2 0 2 0 0 0 5 27 6 15 0 1 0 0 0 3 0 3 0 0 1 1 2 3 2 2 1 1 0 3 32 84 38 26 0 0 0 0 0 2 1 0 1 2 1 0
1 1 0 1 2 1 3 2 1 7 5 3 1 1 3 4 3 0 0 0 0 0 2 0 6 3 1 2 0 1 0 0 27 38 19 24 0 0 0 1 0 0 0 4 0 1 1 1 1 5 0 1 2 1 0 2 1 24 3 4 0 2 1 3 1 2 3 7 0 2 2 0 2 5 0 3 0 1 0 2 38 107 76 24 1 0 2 3 1 0 0 1 0 1 0 0
3 1 0 0 1 0 1 2 0 20 3 4 0 0 0 3 0 0 1 2 1 0 1 0 3 5 1 6 2 1 3 0 32 60 16 34 0 1 0 1 0 1 1 12 0 1 1 1 0 1 0 0 1 1 3 0 2 12 6 16 0 0 0 2 3 2 0 9 0 0 1 1 0 0 1 2 0 0 1 2 38 157 76 34 1 1 0 2 1 3 1 0 0 1 0 0
1 2 3 1 0 1 1 4 0 13 2 5 2 1 0 4 3 4 3 1 0 1 5 0 3 0 3 1 0 1 2 2 42 42 12 23 0 3 1 0 1 2 2 1 0 0 2 1 1 2 3 0 0 3 2 1 1 23 5 6 0 0 0 1 1 7 2 5 0 0 4 3 0 5 3 2 1 0 0 1 31 129 59 29 0 0 2 1 1 5 4 1 1 0 0 1
2 2 0 0 1 0 1 1 1 18 4 4 3 0 1 3 0 0 2 2 0 0 1 1 3 1 0 2 2 1 2 0 25 51 23 37 0 2 0 2 1 1 4 3 1 0 0 1 2 0 0 1 1 0 1 0 0 22 2 6 1 0 1 2 0 1 2 7 0 0 5 1 3 5 0 1 7 1 0 1 60 160 74 30 1 1 0 5 3 4 3 1 1 0 1 2
0 0 0 0 0 0 0 0 12 59 5 26 0 0 0 0 0 0 1 1 0 0 0 0 2 0 0 0 0 0 0 0 15 79 10 47 0 0 0 0 0 0 2 1 0 0 0 0 0 0 1 2 0 0 0 0 16 57 5 22 0 0 3 0 0 1 0 0 0 0 1 0 0 0 0 0 0 0 0 1 24 94 13 47 0 0 0 0 0 0 0 0 0 0 0 0
13 14 2 0 0 1 1 0 5 56 1 15 5 2 1 7 1 4 5 5 0 1 1 1 8 2 4 17 0 0 0 2 125 234 67 128 2 5 3 9 0 5 0 2 0 2 4 0 4 6 0 1 7 7 0 0 4 39 3 22 0 0 4 2 0 2 7 13 1 0 11 5 7 8 0 2 2 0 0 0 158 479 153 157 2 0 1 7 1 3 0 3 0 2 3 1
6 8 3 1 0 1 3 2 4 64 6 17 5 2 0 8 2 2 5 6 0 1 1 2 13 3 3 15 1 2 0 2 149 262 72 154 2 8 4 3 0 0 7 4 0 2 1 0 3 9 0 3 1 4 0 1 4 47 4 24 3 2 3 3 0 2 3 19 4 5 4 7 5 13 2 3 3 4 0 2 177 557 191 170 2 0 1 9 0 3 1 8 3 1 3 1
3 4 1 1 0 0 0 0 0 27 4 7 0 1 2 1 0 1 1 8 0 2 1 0 3 0 3 0 0 0 3 0 41 48 20 29 0 0 0 8 0 0 4 3 0 0 0 1 0 3 2 0 0 2 0 0 1 11 10 4 0 0 0 1 3 1 2 7 0 0 3 2 0 6 4 4 3 2 1 0 13 84 31 29 1 3 2 1 0 3 6 6 0 0 0 2
3 4 1 0 0 1 0 0 0 27 3 7 1 3 2 1 0 0 1 1 0 2 1 0 3 0 3 0 0 0 3 0 32 50 23 30 0 0 0 8 0 0 0 0 0 0 0 1 0 3 2 0 0 3 0 0 2 9 14 4 0 0 0 1 2 1 2 7 0 0 0 3 0 3 4 1 3 3 1 0 13 83 29 33 1 3 1 1 0 3 7 2 0 0 0 2
1 1 0 1 1 0 1 1 4 24 5 9 2 0 0 6 4 4 4 4 2 4 4 0 4 2 7 0 1 0 0 0 60 132 52 66 1 0 2 1 0 0 11 7 0 0 0 0 2 1 0 0 0 0 0 0 5 38 8 22 8 0 4 0 2 2 6 2 0 0 1 2 9 12 3 3 2 0 1 0 113 345 153 83 1 0 0 0 3 1 3 1 0 0 1 2
0 1 1 1 0 4 0 0 1 17 7 8 8 1 0 0 2 0 1 1 2 0 1 0 1 2 2 7 0 0 0 0 63 93 28 42 0 0 0 0 1 0 1 5 0 0 4 2 1 1 0 0 0 1 0 1 3 18 5 9 0 0 1 0 0 1 2 5 0 0 0 3 52 14 8 8 1 0 1 3 65 212 65 48 0 4 1 5 0 0 3 1 0 3 0 3
3 2 1 1 4 0 0 0 6 19 10 5 2 1 3 2 2 0 2 0 0 0 0 0 3 5 1 0 0 4 0 5 85 144 26 56 0 1 0 3 2 5 1 6 0 0 0 0 0 0 0 0 0 1 0 2 6 17 13 10 0 0 2 3 0 7 1 6 1 0 1 0 2 5 2 2 0 4 0 9 67 266 92 54 0 1 1 2 4 0 6 4 0 0 0 0
0 0 0 0 1 0 2 0 1 26 4 4 2 1 3 0 3 0 3 0 0 0 0 0 3 0 2 5 0 0 0 0 53 95 15 37 0 1 2 0 0 0 0 5 0 4 0 1 3 3 0 0 1 2 0 3 2 23 4 18 0 0 0 0 0 0 2 0 2 0 1 0 1 1 4 0 0 1 0 2 57 189 111 40 0 0 0 6 0 2 0 0 0 1 0 1
0 3 0 0 3 0 0 0 2 15 4 8 4 0 0 0 0 0 1 4 0 0 0 0 1 2 0 4 0 0 0 1 49 85 18 43 0 0 0 2 2 0 1 5 0 0 0 0 0 0 0 0 1 0 1 0 1 22 4 2 0 1 0 0 0 1 1 6 0 0 3 0 2 9 4 0 0 6 0 1 45 153 53 39 0 0 1 1 0 2 0 4 0 0 0 0
3 3 0 0 2 2 3 0 2 14 9 7 5 1 3 2 2 1 0 0 1 1 0 0 0 1 4 2 0 0 0 1 46 59 15 24 0 0 0 2 2 6 0 2 0 0 0 0 6 1 0 3 0 1 4 1 3 14 0 2 0 0 3 0 5 2 1 6 0 0 0 0 23 16 5 14 0 1 0 6 32 111 58 32 0 0 2 0 2 2 1 2 0 0 0 1
0 2 0 0 1 0 2 0 1 9 2 13 1 3 1 4 1 2 4 2 0 1 0 3 2 1 1 2 0 0 2 5 64 99 33 57 0 0 1 1 0 3 7 5 0 0 2 0 2 0 0 3 0 0 0 2 1 14 7 11 2 0 0 0 3 1 1 19 0 0 0 0 2 1 0 4 2 0 1 2 60 210 86 52 0 0 0 3 0 3 1 7 0 3 0 0
1 4 3 0 0 1 1 3 1 38 2 9 3 1 3 1 3 0 1 18 0 0 5 3 2 0 0 0 1 0 2 1 125 196 53 112 0 2 4 1 4 1 3 7 1 2 6 0 0 0 0 0 0 0 2 0 1 42 4 10 1 0 1 1 0 1 6 5 2 0 2 4 9 5 1 5 0 3 0 4 139 350 175 82 2 0 1 2 2 5 1 1 2 0 1 1
2 1 2 0 0 0 0 1 1 11 2 6 4 4 3 0 0 0 2 3 1 4 4 2 6 4 0 3 1 1 2 0 70 121 46 63 0 3 0 1 0 0 2 9 0 0 0 2 0 2 2 0 0 0 2 0 4 20 4 10 2 0 1 2 2 1 0 3 0 0 1 4 14 2 0 5 0 0 1 1 79 301 97 67 0 5 2 4 2 4 3 7 0 1 3 1
0 0 1 0 0 0 1 1 5 23 3 7 8 0 1 4 0 0 0 3 0 1 6 0 2 0 2 3 0 3 0 0 65 96 56 53 0 4 1 1 1 0 2 6 0 1 0 5 0 1 2 0 0 3 0 1 0 27 9 12 1 3 1 0 0 1 2 10 0 0 0 1 1 3 0 1 3 4 2 3 84 218 75 53 0 2 3 1 2 0 2 6 0 0 1 2
0 0 2 1 1 0 1 0 2 11 6 0 3 0 1 0 4 0 9 0 0 4 3 2 1 2 6 4 1 0 0 1 37 45 19 25 0 1 4 0 1 1 2 3 0 0 0 1 2 4 0 3 0 1 3 0 2 10 5 12 0 0 1 0 3 0 6 4 0 0 0 0 3 1 0 2 2 0 1 1 38 116 60 32 0 0 2 4 0 3 4 1 2 2 1 1
6 7 5 0 4 2 5 4 13 21 52 6 3 3 4 6 16 11 28 20 3 0 4 7 3 5 0 3 1 3 3 5 28 46 43 29 2 4 2 3 2 7 21 13 0 4 0 4 3 3 1 2 7 3 1 8 8 20 15 8 1 1 2 4 8 4 15 10 4 2 0 7 4 6 1 5 5 5 10 14 27 109 76 28 0 3 0 3 2 7 7 6 2 4 1 5
1 5 1 2 0 0 0 0 2 32 12 8 7 0 2 6 3 1 5 4 0 0 1 2 3 1 2 3 2 0 1 3 78 147 31 68 1 3 1 0 1 1 2 3 0 1 0 1 5 2 0 0 1 0 1 0 1 20 2 16 0 0 2 1 0 0 3 16 1 2 6 0 6 1 0 2 1 1 2 5 69 242 112 69 5 0 1 1 6 6 0 1 0 0 0 3
7 7 2 1 1 5 2 3 1 7 22 4 0 0 3 3 2 11 10 4 0 0 2 0 8 6 1 5 8 4 0 0 26 72 36 23 0 3 0 4 4 3 11 5 1 4 2 0 4 2 2 6 1 1 2 6 6 26 15 6 5 0 3 3 2 6 8 4 0 1 4 0 1 8 1 6 4 0 1 4 22 135 39 28 0 1 0 0 5 4 3 2 0 3 2 0
3 4 4 3 5 1 0 1 8 19 11 10 2 3 5 6 9 6 5 5 3 2 0 5 4 0 0 2 5 0 0 0 64 98 43 57 0 3 2 3 1 5 8 9 0 1 1 3 3 2 0 0 1 0 2 2 4 25 7 6 0 4 3 0 4 1 7 6 1 2 0 6 3 5 0 5 0 3 0 3 64 215 72 56 3 4 3 8 4 2 4 1 0 5 2 9
3 4 1 1 0 1 2 4 3 49 7 20 1 1 6 12 1 2 0 1 1 1 2 2 1 3 4 2 2 0 0 3 152 347 113 170 1 2 2 1 1 4 1 9 0 0 2 4 3 0 0 1 1 0 0 1 2 72 7 30 0 0 0 0 1 0 2 8 0 0 1 2 4 1 1 5 0 2 0 1 252 794 309 195 5 1 3 10 2 4 6 10 0 5 3 1
2 0 0 4 0 0 4 0 8 34 10 16 3 0 1 2 1 2 0 2 1 0 0 0 2 0 1 7 4 0 4 0 87 174 34 69 0 6 1 2 1 0 0 6 0 2 2 2 3 0 0 0 0 2 0 2 4 39 7 5 0 0 2 0 2 0 0 4 2 0 3 0 0 6 6 4 0 0 0 0 79 362 106 73 0 1 0 5 0 1 4 4 0 3 0 5
19 0 0 1 2 1 0 6 5 88 2 30 10 3 8 15 1 1 3 7 0 2 9 1 24 9 3 25 0 2 8 4 246 522 151 317 4 4 7 8 3 2 3 21 0 6 4 10 10 0 3 1 0 0 0 1 6 110 5 56 1 3 3 3 1 3 0 36 3 0 14 0 12 20 2 3 1 5 0 2 227 997 308 278 7 19 2 33 9 6 5 22 1 7 6 10
5 2 1 0 4 2 4 1 3 91 14 10 0 1 8 22 1 0 5 8 1 2 2 3 8 2 6 1 0 2 1 10 201 322 111 168 0 0 0 8 2 1 2 12 0 0 9 7 5 1 0 2 0 7 0 6 3 71 3 32 3 6 1 2 0 5 2 39 6 0 1 0 3 21 2 10 4 2 1 5 248 822 272 221 1 3 1 10 0 1 2 9 1 1 2 5
11 5 2 12 1 3 2 1 7 178 11 21 21 5 11 30 6 1 4 7 2 2 7 3 6 8 8 28 2 6 8 1 464 731 191 409 9 4 3 12 1 4 1 35 0 0 4 6 11 4 2 4 0 1 2 3 2 139 2 46 0 3 3 6 4 3 0 42 5 1 9 6 24 28 3 15 7 8 2 9 496 1479 503 387 3 26 6 28 10 11 8 17 6 10 8 13
5 0 2 2 1 0 0 6 0 48 7 7 13 3 12 4 6 3 2 0 3 2 7 3 2 5 3 8 0 1 0 0 121 234 50 110 0 2 0 0 5 1 0 4 1 0 1 3 3 1 3 2 0 0 0 0 1 53 6 15 2 0 0 0 1 1 2 15 4 0 3 0 2 4 1 7 5 0 1 5 106 439 132 125 2 0 0 8 0 6 2 0 0 0 0 2
0 1 3 0 2 2 0 0 6 16 4 11 1 2 0 0 0 1 1 3 2 1 0 1 2 0 0 0 0 0 2 1 56 89 21 42 0 0 1 0 7 0 4 5 0 0 1 1 0 2 0 0 0 1 0 0 0 24 0 7 0 2 1 0 0 0 2 15 0 2 0 0 0 2 0 1 0 1 1 1 71 219 74 48 1 0 0 0 4 3 3 3 0 2 2 3
2 0 2 2 1 1 0 0 2 22 2 10 0 0 0 0 5 0 1 2 0 1 0 2 1 2 1 0 0 0 1 0 64 93 29 61 0 3 1 0 0 1 0 1 0 0 0 0 2 0 0 0 0 0 1 5 3 20 3 11 0 0 1 2 2 4 1 9 0 0 0 0 1 3 0 0 0 0 0 2 58 189 67 46 1 0 1 1 3 0 0 0 0 0 0 1
17 5 0 0 1 1 0 2 2 45 11 12 0 4 1 0 1 2 9 1 1 0 0 0 4 1 2 3 2 2 3 0 112 252 78 106 1 3 7 5 0 0 0 6 0 2 9 3 4 0 1 0 0 2 3 2 1 57 10 15 0 1 4 4 1 1 1 8 0 0 2 0 7 6 0 5 3 1 1 7 93 372 143 79 2 1 1 4 2 3 0 5 1 3 5 2
5 1 1 1 0 0 4 0 0 22 3 6 10 2 0 5 2 1 1 1 0 2 2 1 4 2 0 0 1 0 2 1 76 149 36 70 1 1 1 1 3 1 0 9 0 0 3 2 2 1 0 0 2 0 0 4 5 39 1 19 2 3 1 2 1 0 0 11 1 0 1 0 2 3 0 1 0 0 0 1 54 293 96 73 0 1 1 2 7 0 3 0 0 1 1 0
10 0 0 1 0 0 1 2 1 20 6 10 1 5 3 5 0 4 5 0 0 0 2 2 3 0 0 2 2 0 0 0 68 149 60 64 0 1 2 12 1 7 5 6 0 3 0 5 0 1 1 0 0 0 6 4 1 19 3 10 2 0 2 0 0 3 2 15 0 0 3 0 1 1 0 1 1 0 1 1 60 220 112 79 0 0 1 5 1 0 4 7 1 2 1 2
3 0 2 1 6 2 2 0 0 70 5 25 6 7 9 17 3 0 1 10 3 1 0 2 7 2 1 2 3 1 0 0 177 331 115 165 0 2 3 17 0 2 6 5 1 1 6 4 4 1 0 0 3 0 2 0 2 74 3 27 1 1 3 3 2 5 3 16 0 0 0 4 3 5 0 5 1 8 6 1 189 682 271 179 0 6 2 14 2 7 0 13 0 0 7 6
11 1 0 2 4 5 6 0 1 119 12 16 11 4 3 13 3 3 5 4 1 4 3 2 5 8 1 16 2 1 2 0 367 670 153 303 0 1 6 9 1 10 1 17 1 1 2 4 5 2 0 1 0 1 0 4 4 112 8 39 2 0 1 3 2 1 1 32 0 0 3 7 12 9 2 8 2 1 0 6 345 1249 420 305 7 6 5 19 4 4 6 7 1 3 2 3
7 5 0 7 2 0 0 6 1 90 9 21 6 1 4 17 1 3 3 3 1 4 7 3 4 4 2 12 3 0 7 0 188 457 131 200 0 6 2 7 8 1 0 11 0 1 6 1 8 1 0 0 1 3 0 0 1 107 10 17 3 0 3 2 1 1 0 15 1 3 9 7 6 15 0 5 0 6 1 0 171 851 239 178 2 9 2 13 6 6 3 8 1 15 5 5
9 1 0 3 2 3 1 0 0 36 8 13 5 2 2 11 1 2 7 2 1 0 0 5 3 0 0 0 0 0 1 5 93 166 54 92 1 0 3 0 1 2 1 10 0 2 2 4 2 3 0 3 0 0 0 0 1 36 1 3 0 2 1 2 3 4 1 11 1 0 7 1 0 5 0 0 1 2 2 1 102 351 104 91 0 3 1 1 4 6 4 0 1 2 0 3
3 1 0 0 0 0 2 0 1 16 11 0 2 3 0 4 3 0 0 2 0 0 2 0 1 0 2 0 3 0 0 0 38 89 19 48 0 0 0 2 0 2 2 3 0 2 2 0 0 0 0 0 1 0 0 0 0 22 6 4 0 0 0 0 0 0 0 7 2 0 2 0 2 3 0 0 1 0 0 0 94 262 100 54 0 0 2 0 1 1 3 3 0 0 0 0
9 4 0 2 0 6 3 2 2 69 9 20 9 2 7 10 5 4 0 14 6 1 8 2 6 8 0 5 1 3 3 4 247 374 108 186 4 2 4 7 11 6 2 8 0 0 9 6 7 4 2 1 0 0 2 7 1 100 18 37 3 4 0 5 4 1 0 12 2 0 3 0 2 15 6 4 1 8 9 5 209 775 278 210 7 3 2 18 8 5 3 1 0 6 5 3
2 2 1 1 1 2 7 0 8 21 10 15 3 7 1 3 11 8 9 7 3 3 2 3 1 5 0 2 1 2 5 0 28 31 20 34 0 0 1 0 4 5 9 5 0 0 0 3 0 3 0 0 4 3 0 12 4 13 15 11 1 0 1 0 2 7 10 15 2 0 3 1 2 5 0 4 4 2 3 1 26 68 34 28 3 2 1 2 2 1 11 4 1 3 3 2
3 4 1 8 1 0 0 2 0 45 4 8 2 1 4 8 1 2 3 0 1 0 0 0 6 5 1 3 0 3 4 1 134 225 57 142 0 3 0 2 1 3 0 4 0 0 0 2 1 0 1 0 1 1 2 1 4 41 6 10 2 2 2 2 0 1 1 11 2 0 2 2 0 5 3 0 0 12 0 1 129 533 159 138 0 4 2 13 4 2 4 3 0 1 5 6
13 9 4 2 5 2 7 1 1 29 8 25 3 0 2 8 5 0 2 4 0 3 0 0 6 14 0 7 2 7 0 4 83 131 61 75 1 0 1 5 3 4 1 11 0 1 3 0 8 1 4 2 0 0 4 0 0 48 3 21 0 0 7 1 3 3 0 16 2 0 8 0 10 14 0 2 1 7 0 15 47 232 70 75 3 1 1 6 3 5 2 0 0 2 1 9
7 0 0 0 0 0 0 0 1 29 7 4 0 0 0 0 0 0 0 2 0 0 0 0 0 0 0 5 0 0 4 4 31 95 35 80 0 0 1 2 0 0 1 0 0 0 0 0 0 0 0 0 1 0 0 0 3 21 2 8 0 0 0 0 0 0 0 0 0 0 0 0 0 0 0 0 2 0 1 3 48 113 33 56 1 5 0 2 0 1 0 0 2 1 0 1
1 1 5 0 2 0 2 0 1 8 0 2 0 0 0 6 0 0 0 0 1 0 0 0 2 0 0 0 0 3 0 0 42 64 26 57 0 1 0 0 0 0 3 5 0 3 1 4 0 1 0 0 2 0 1 0 0 2 0 7 0 0 0 2 5 0 0 12 0 0 3 1 0 2 0 3 2 1 0 0 42 122 53 36 0 0 2 2 1 0 0 1 0 2 1 3
0 0 0 0 0 2 1 0 0 21 1 5 3 1 0 0 1 0 1 3 0 0 0 0 1 1 0 0 0 0 3 1 23 39 17 25 0 0 0 0 1 0 0 3 0 0 0 0 0 0 0 0 0 0 0 0 1 12 0 4 0 0 0 0 1 3 2 7 1 0 1 0 0 0 1 4 1 1 1 0 35 128 70 29 0 0 1 0 0 0 0 2 0 5 3 1
1 3 0 0 0 0 0 0 0 17 1 4 0 0 0 4 1 0 2 1 0 0 0 0 0 2 0 2 0 1 0 0 38 63 16 43 0 0 0 0 4 1 1 3 0 0 0 0 0 0 1 0 0 0 1 0 0 20 2 13 0 0 0 0 0 0 5 11 0 0 2 0 1 0 0 2 1 0 0 0 42 160 67 56 0 1 0 4 2 1 1 0 1 0 0 0
1 0 0 0 1 2 2 2 1 26 6 5 2 0 1 1 1 3 2 0 0 0 3 2 14 0 0 1 3 3 0 8 49 96 33 77 1 3 3 0 0 4 1 7 1 0 2 13 0 0 0 1 2 0 4 0 5 23 4 24 0 0 0 1 3 2 1 8 0 0 6 5 1 10 0 2 1 1 2 8 127 271 145 73 0 2 2 8 0 10 5 0 5 3 0 4
0 0 0 0 2 0 1 0 0 27 6 0 6 2 1 1 1 0 0 1 0 0 3 2 5 3 0 0 0 2 0 2 42 61 20 50 0 2 0 2 1 3 2 6 0 2 1 3 0 0 0 0 0 0 1 0 4 11 7 16 1 1 0 0 0 0 0 12 0 0 1 0 3 1 0 4 1 0 2 2 107 183 92 46 0 0 2 1 0 3 1 0 0 0 0 1
1 1 0 0 0 2 0 0 1 10 8 6 1 0 2 6 6 2 2 0 0 1 0 4 0 0 0 1 1 1 2 6 66 88 26 57 0 1 0 0 0 1 3 7 0 1 0 2 4 0 0 0 0 0 0 0 4 13 0 9 0 1 0 1 0 0 0 4 0 1 1 0 5 2 1 1 0 0 0 3 81 186 89 56 2 4 1 2 2 1 0 1 0 3 0 0
2 1 0 0 2 0 0 0 0 12 2 2 4 1 0 2 3 0 5 2 0 0 1 0 2 2 1 6 1 0 1 0 26 25 13 21 0 2 1 0 0 2 1 0 0 2 2 1 0 0 0 0 1 0 0 0 1 9 2 2 2 0 1 0 3 0 3 6 0 0 3 0 0 1 1 1 1 0 0 0 51 128 40 21 0 0 0 0 0 0 0 0 0 0 0 0
2 2 4 0 1 0 4 0 0 7 4 9 0 0 3 6 0 1 0 2 2 1 1 0 7 3 5 2 3 0 0 0 46 72 11 26 1 0 1 0 2 0 0 2 0 0 0 0 0 0 0 1 0 0 0 0 1 18 3 3 0 1 1 0 1 5 0 1 0 0 3 0 2 1 1 0 1 1 0 0 37 133 68 34 0 0 0 2 0 0 0 3 0 0 3 0
2 2 0 0 1 1 0 2 3 27 6 10 0 0 2 2 3 0 1 2 0 1 1 0 5 3 7 2 0 4 0 0 126 132 59 122 0 2 0 0 6 0 0 10 0 0 4 0 1 2 0 0 0 0 3 0 6 32 4 19 0 2 1 0 2 1 1 13 0 1 3 0 2 4 2 4 0 1 0 4 115 310 145 110 1 3 1 2 3 1 0 4 0 1 3 1
0 0 3 0 0 1 1 0 1 16 5 2 2 0 0 3 0 0 0 3 0 0 4 0 7 3 5 2 0 1 2 0 40 56 20 54 0 0 0 0 1 0 0 2 0 0 0 0 1 0 0 2 0 0 1 0 2 16 8 18 1 0 1 0 0 1 0 5 0 0 1 0 0 0 1 5 0 0 2 5 70 167 91 60 0 2 1 4 2 1 1 0 0 1 0 0
1 3 0 0 3 1 2 0 0 16 4 9 0 0 0 0 1 0 2 1 0 0 1 0 1 1 0 1 0 0 0 0 38 56 25 32 0 0 3 0 0 2 2 2 0 2 2 1 0 0 0 0 1 1 0 0 0 19 0 4 2 0 1 3 0 0 0 6 0 0 2 1 2 2 0 0 0 2 0 1 50 115 69 47 1 3 1 3 1 1 4 1 0 1 0 1
0 0 0 0 0 0 0 0 1 8 3 7 0 3 0 4 0 0 1 4 0 0 0 0 1 0 2 0 0 0 2 1 38 45 18 44 0 0 1 0 0 0 0 3 0 0 0 1 0 0 0 0 0 2 0 0 0 10 1 6 0 0 1 0 1 1 0 5 0 0 5 0 0 1 0 0 0 0 0 0 59 126 70 55 2 1 0 0 2 1 0 0 0 0 0 2
0 0 0 0 0 0 0 2 4 23 7 7 0 0 0 4 0 1 1 0 0 3 0 0 4 2 10 1 0 1 2 0 56 86 20 51 0 2 0 0 1 1 2 7 0 0 2 0 0 0 0 1 1 1 0 0 1 12 3 19 0 0 1 3 2 0 0 10 0 2 0 0 2 1 0 1 2 1 0 7 102 297 151 75 3 0 3 1 2 0 2 1 2 0 1 5
1 0 2 1 0 0 0 2 1 7 4 2 2 0 1 3 4 0 5 1 0 0 0 0 3 1 2 0 1 0 0 5 43 41 18 45 0 3 0 0 3 3 0 6 1 1 0 1 0 0 2 1 0 4 1 0 0 17 6 17 2 0 3 1 0 0 0 6 0 1 13 0 0 2 1 1 2 0 0 3 55 126 71 28 0 0 1 2 1 0 1 0 2 0 0 1
0 0 0 0 0 0 1 2 1 18 4 6 1 3 0 1 2 0 1 2 0 0 0 0 7 1 2 4 2 0 1 0 38 71 17 49 0 0 0 2 0 0 2 2 0 3 3 6 1 0 0 0 0 1 0 0 0 8 1 2 0 0 1 0 1 0 0 1 0 0 1 0 0 4 0 0 0 1 0 3 43 153 79 63 0 0 3 1 3 1 1 3 1 3 0 0
1 7 2 1 3 2 3 3 3 48 2 17 2 2 4 5 1 0 1 6 3 0 8 1 11 3 2 2 0 1 9 0 169 229 60 185 0 2 2 3 3 5 4 10 0 1 1 0 1 0 0 0 0 2 2 0 4 46 14 52 0 0 2 2 2 1 3 12 0 0 6 0 1 2 0 6 1 1 0 0 252 615 313 133 2 6 4 5 8 0 2 5 1 2 2 4
3 1 0 0 0 1 5 0 0 40 7 7 2 2 1 5 2 1 3 2 0 0 3 0 3 3 2 2 0 2 3 0 50 90 37 56 1 2 2 1 1 1 0 6 2 2 1 2 1 2 0 0 1 1 0 0 1 31 5 18 0 0 0 1 2 0 0 6 0 0 3 1 2 1 0 0 1 2 0 1 103 212 128 75 0 1 0 3 1 3 2 0 2 3 3 0
0 1 0 1 0 0 1 0 0 11 2 6 1 0 0 1 3 0 0 5 0 0 3 0 5 1 0 4 0 0 0 0 41 45 25 28 0 0 3 0 0 0 1 0 0 0 1 3 0 0 0 0 0 0 0 0 0 11 2 15 0 0 1 0 0 0 0 1 2 3 0 0 0 0 0 0 2 0 0 0 34 112 45 36 0 0 0 0 5 0 5 0 0 3 0 0
0 1 0 0 0 1 1 0 4 10 1 3 1 2 0 0 0 1 0 0 0 0 0 0 2 2 4 4 0 0 0 1 23 39 21 31 0 0 2 1 0 0 2 2 1 0 0 2 0 0 0 0 1 0 1 0 0 16 4 10 0 0 0 0 0 2 0 5 0 0 0 1 0 0 3 2 0 2 0 0 45 125 61 41 0 0 2 2 3 11 2 3 0 0 0 0
0 0 0 0 2 2 0 0 0 14 2 2 0 0 0 2 1 0 3 2 0 1 0 0 4 1 3 0 0 0 0 1 39 46 26 28 0 0 0 0 0 0 0 3 0 3 1 3 2 0 0 0 0 0 0 0 3 10 2 12 0 0 1 1 2 1 1 3 0 0 1 2 2 0 2 2 1 3 0 0 58 107 55 25 1 4 0 0 1 0 0 2 0 0 0 4
2 1 0 0 1 3 2 5 2 16 3 10 1 0 1 3 4 0 9 3 1 0 3 0 8 0 5 2 2 2 3 1 63 57 26 48 3 0 2 5 5 6 6 8 0 0 3 3 1 0 0 0 1 4 2 0 5 15 6 7 0 2 1 0 2 1 2 22 0 0 1 3 2 8 1 2 1 4 1 14 85 266 104 61 0 1 0 3 6 7 6 1 2 2 0 2
0 0 0 0 0 0 0 1 3 3 1 3 0 0 1 1 0 0 1 2 0 1 0 0 7 0 1 0 0 0 0 0 30 47 14 21 0 0 0 0 3 1 0 2 0 0 0 0 0 0 0 0 0 0 0 0 0 3 1 7 0 1 1 0 0 3 1 3 0 0 0 0 0 0 0 0 1 2 0 1 39 108 82 32 0 0 0 0 0 1 0 1 0 0 0 0
0 0 0 0 2 2 1 1 0 9 12 6 0 0 1 2 0 0 0 2 0 0 2 0 7 0 0 2 1 0 1 1 21 45 18 30 0 1 2 1 1 0 1 1 0 0 2 0 2 0 0 4 0 0 0 0 0 6 5 2 0 0 1 2 1 2 0 0 17 0 1 3 0 1 0 3 6 2 0 4 27 65 37 37 0 2 0 6 3 1 0 0 0 1 0 0
0 0 0 1 0 1 1 2 1 31 5 11 1 1 0 7 4 0 0 6 1 0 1 0 13 2 2 1 0 1 0 0 103 150 44 101 0 4 4 15 0 1 4 8 0 0 3 6 1 0 0 0 0 1 0 0 2 17 4 18 6 8 1 1 0 2 0 24 1 0 2 1 3 4 3 4 1 0 0 3 145 366 187 93 11 4 5 27 4 7 12 11 0 2 0 7
0 3 0 0 0 1 0 0 0 24 0 12 0 2 3 0 0 2 1 4 0 0 1 0 17 2 1 6 1 1 1 0 60 109 25 105 0 2 2 0 0 0 1 5 2 4 1 2 0 0 0 0 1 0 0 1 2 17 0 23 2 0 0 0 0 1 1 18 0 0 4 0 1 0 0 0 1 0 2 1 141 315 145 78 0 2 0 4 4 3 1 2 0 0 1 6
0 0 0 0 0 0 0 0 0 9 4 3 0 0 0 0 0 0 0 1 2 0 0 0 5 1 1 1 0 1 0 0 39 37 11 26 0 0 0 0 0 0 0 0 0 0 0 1 0 2 3 0 0 1 0 0 0 13 3 4 1 0 1 0 0 0 0 8 2 0 2 0 3 1 0 0 0 0 2 1 59 97 61 40 0 0 2 0 0 0 1 0 0 0 0 0
0 0 0 0 0 0 3 1 4 18 4 14 5 0 0 6 2 0 9 5 3 0 1 0 6 1 5 2 2 0 1 0 86 142 42 73 0 2 1 1 4 3 1 3 0 1 2 4 0 2 0 0 0 1 0 0 0 39 3 23 1 0 2 3 5 1 1 22 3 0 6 1 2 2 10 2 0 4 2 1 157 388 205 126 0 3 1 5 6 3 6 0 0 1 1 0
3 2 2 0 0 3 1 1 1 28 7 11 2 0 0 4 4 2 0 5 0 1 0 0 3 0 2 3 0 0 1 0 86 117 47 98 0 5 1 3 4 1 0 19 0 3 2 1 0 3 0 3 0 0 6 3 2 33 4 17 0 0 1 5 1 3 3 10 1 1 4 0 12 5 0 1 2 3 1 3 133 370 173 130 2 4 2 6 3 3 2 10 3 5 0 3
0 0 2 0 5 0 0 0 1 22 5 6 2 1 0 3 1 1 0 3 1 1 4 2 6 3 4 1 0 0 1 2 46 45 17 61 2 1 0 0 0 0 0 3 0 1 3 2 2 0 0 0 1 0 0 0 1 19 2 13 1 0 3 4 2 0 2 9 0 0 4 0 1 2 1 3 0 2 0 4 103 211 85 62 4 2 1 6 0 3 0 0 2 3 0 1
0 1 0 0 0 0 2 0 2 22 0 1 2 0 0 4 4 1 1 3 0 0 0 0 2 0 1 3 0 2 1 0 57 62 22 68 0 0 2 2 0 6 4 5 0 0 2 0 0 0 0 0 0 0 0 0 0 24 3 11 1 1 0 0 0 0 0 8 0 1 0 1 0 0 0 0 1 1 0 0 99 225 133 66 2 1 0 2 1 2 1 1 0 1 0 3
2 1 0 0 0 2 0 0 0 11 4 5 3 0 0 0 1 3 0 1 0 0 1 0 2 1 0 0 2 0 0 0 33 48 11 20 1 2 2 1 0 0 1 4 0 0 0 0 0 0 1 0 0 0 0 0 3 15 1 15 0 0 1 2 0 4 1 8 0 0 2 3 2 3 0 5 0 0 0 0 32 82 68 37 0 0 0 0 4 1 3 2 0 3 0 0
4 2 2 0 0 1 1 0 1 59 12 23 3 0 0 3 1 2 1 3 0 0 1 0 1 1 2 4 0 2 2 1 126 212 80 152 1 0 3 1 2 1 4 5 0 1 2 5 1 2 1 2 3 2 1 0 1 61 6 38 0 2 0 0 2 0 4 36 0 1 7 0 8 3 1 6 0 5 4 2 191 427 277 160 4 2 0 6 5 1 7 4 1 4 0 4
2 0 0 0 0 0 2 1 2 9 4 4 0 1 1 5 1 3 2 0 0 0 2 0 1 0 3 0 0 2 0 0 63 89 18 43 2 0 0 0 0 0 2 3 0 1 3 0 0 2 0 2 0 0 2 0 1 21 3 16 0 0 3 0 0 0 0 8 0 1 5 2 4 2 0 1 0 3 0 3 53 173 73 65 0 0 1 2 0 2 2 1 3 0 2 4
3 0 0 0 2 0 2 0 1 12 2 4 1 1 3 5 1 4 6 1 0 0 3 0 4 0 3 0 1 0 3 0 87 80 44 87 1 0 1 5 2 5 7 2 0 0 1 2 1 2 0 0 0 1 1 1 0 28 6 21 0 0 2 0 1 0 0 4 0 0 3 0 4 6 3 5 0 0 2 1 138 293 149 65 1 0 0 7 0 1 4 1 0 4 2 0
1 2 0 1 0 3 1 2 1 49 6 9 0 0 2 7 3 2 3 1 1 0 1 0 7 2 7 5 4 0 3 5 128 196 55 143 2 4 1 9 0 2 1 5 0 1 2 6 0 1 0 1 1 0 0 2 0 47 2 38 1 0 0 1 1 0 1 25 0 1 7 1 2 7 2 2 0 2 1 0 200 465 245 158 1 8 0 12 1 2 4 7 0 2 1 0
1 0 0 0 0 4 3 1 3 20 5 4 0 1 0 3 0 0 2 1 0 0 0 0 9 2 3 2 0 1 0 0 63 74 32 47 0 1 0 0 0 0 0 5 1 0 2 0 1 0 0 1 0 0 2 0 0 18 4 13 0 0 3 0 0 2 0 4 1 0 2 0 1 3 0 0 0 3 1 0 79 244 72 44 3 1 0 2 1 1 0 0 0 0 0 1
1 2 1 2 0 3 0 0 9 67 7 19 1 4 7 4 1 0 7 4 0 0 1 0 3 0 2 3 3 0 2 0 171 227 73 176 0 3 3 4 5 3 3 10 0 1 4 0 0 0 0 0 1 2 3 4 1 52 4 62 0 1 0 5 2 0 1 17 2 0 5 1 7 5 2 9 1 1 0 3 313 732 343 196 3 1 2 16 7 3 5 5 0 0 5 9
2 1 0 2 0 1 2 0 4 10 1 2 1 1 0 2 3 2 2 1 0 0 0 0 0 0 2 0 0 1 1 1 25 31 23 32 0 0 0 1 0 2 1 0 0 1 0 0 3 3 0 0 0 0 1 2 3 19 12 7 0 1 1 0 3 0 1 13 0 0 5 0 2 8 0 3 0 1 0 2 59 103 37 19 2 0 0 0 0 2 2 2 0 0 0 0
0 1 1 0 3 0 0 0 1 22 2 7 0 0 1 1 0 0 0 0 0 0 0 2 4 0 1 0 0 0 0 0 49 66 19 77 0 1 0 0 0 0 1 0 0 0 0 0 0 0 0 0 0 1 1 0 0 14 4 8 1 0 3 0 0 0 0 3 0 0 0 0 0 0 0 1 0 0 0 0 69 152 66 46 0 0 0 0 3 1 2 0 0 0 2 0
3 2 0 1 1 0 0 0 2 20 4 10 0 0 2 4 2 3 0 4 0 0 0 1 8 1 0 2 0 0 5 2 83 98 28 107 1 4 0 2 3 2 0 4 0 0 1 3 0 0 0 0 7 8 0 0 9 43 11 15 0 2 1 0 0 1 0 1 0 0 0 0 2 4 6 9 2 3 1 6 119 205 105 94 0 7 0 4 7 2 5 11 0 0 0 3
0 0 0 2 1 5 0 1 1 6 5 3 1 0 4 3 0 1 3 1 3 1 0 2 2 0 1 0 1 0 2 0 36 49 13 22 2 0 0 2 0 0 1 4 0 2 0 0 0 1 0 1 0 2 2 0 1 11 2 13 0 0 1 1 3 0 1 2 0 1 1 2 3 2 0 1 0 6 0 6 50 77 43 38 0 0 0 1 1 0 2 0 2 1 0 0
1 1 3 2 2 0 0 0 7 33 4 3 4 2 5 5 3 0 4 8 0 3 1 1 3 6 2 1 1 0 0 2 72 146 37 82 0 2 2 6 3 1 2 3 0 3 5 1 2 1 0 0 0 0 0 0 2 50 4 12 2 2 1 1 0 1 7 34 0 3 8 6 5 5 3 0 1 6 2 4 92 393 185 83 3 3 1 9 4 1 2 3 0 0 2 1
3 0 1 0 2 2 0 0 2 37 5 6 0 0 0 1 0 2 3 0 1 2 3 1 0 0 1 1 3 0 1 0 66 80 26 58 0 0 0 3 0 0 1 7 0 0 0 1 2 0 0 2 0 1 0 0 1 15 4 9 0 0 0 0 0 1 0 5 1 0 3 2 0 8 0 0 0 0 2 2 65 195 96 55 1 2 0 0 5 0 3 1 1 0 2 0
3 3 0 2 2 4 2 0 3 40 7 15 0 0 2 5 0 1 1 3 2 1 0 1 7 3 0 7 0 1 0 7 68 116 50 68 0 0 0 0 5 7 1 4 0 0 3 0 2 1 1 3 1 5 1 6 3 59 5 15 0 3 0 0 2 9 0 2 0 0 2 0 4 6 0 2 1 4 3 12 58 321 110 69 0 2 1 0 2 4 7 3 2 0 5 0
1 0 0 0 0 0 0 0 1 11 5 7 0 0 0 2 0 0 0 1 0 0 2 1 2 3 0 2 0 1 0 0 31 35 9 29 0 0 0 2 0 2 0 1 0 3 0 1 0 1 0 0 1 0 0 0 0 2 1 2 0 2 0 0 0 1 0 3 0 0 1 1 2 4 0 0 1 5 0 0 46 139 51 21 0 1 0 2 0 1 2 0 0 1 0 0
3 2 0 0 0 2 2 3 2 13 0 4 5 0 1 5 0 0 2 5 0 0 0 1 0 1 0 2 0 0 0 3 59 103 34 91 0 4 1 7 0 1 1 11 0 0 3 5 0 0 2 1 1 3 1 0 0 24 8 14 0 0 3 8 0 1 7 3 0 0 4 1 0 9 4 0 0 7 0 1 106 272 98 90 3 4 0 16 3 4 9 13 1 2 1 5
2 1 2 0 0 3 2 4 13 86 9 37 6 8 4 30 10 22 17 9 7 36 8 136 14 4 4 12 4 4 5 10 321 448 140 343 13 57 47 77 71 199 198 215 21 75 64 505 4 0 0 3 2 2 0 3 12 127 8 104 0 17 10 18 14 52 72 45 3 20 24 112 4 9 2 6 2 7 4 5 602 1172 632 426 0 11 4 46 22 41 22 25 3 49 17 254
1 3 0 0 1 6 1 2 3 45 6 25 2 1 8 7 0 0 1 2 0 0 5 0 3 1 4 8 0 0 4 2 144 192 59 156 2 8 1 9 2 2 7 5 0 2 2 9 0 1 0 0 0 2 0 0 3 45 6 37 3 0 0 0 4 1 2 9 1 0 3 7 10 10 0 1 2 3 2 3 286 570 285 168 0 3 4 19 6 3 3 6 8 2 4 0
0 4 0 0 0 0 0 2 0 14 2 6 0 0 0 0 0 0 3 2 0 1 0 0 2 1 0 1 0 1 0 0 38 38 20 46 0 0 0 3 0 2 0 1 0 1 2 3 0 0 0 0 0 0 1 0 1 13 3 7 0 0 2 0 1 1 0 3 0 0 2 0 0 3 0 0 1 0 1 1 58 112 67 36 0 0 1 1 3 2 7 0 0 0 0 0
2 0 1 0 0 3 2 0 0 33 3 5 1 2 0 2 1 4 2 7 0 1 3 0 3 2 3 2 1 0 4 2 89 129 35 73 0 0 1 1 1 1 2 13 0 2 1 1 0 0 2 0 1 0 0 0 2 38 2 14 0 0 1 1 2 0 0 10 0 0 2 0 3 0 2 3 0 1 3 2 94 315 140 80 0 2 2 0 7 3 1 0 1 4 4 4
0 0 0 3 0 0 1 0 2 20 3 5 5 3 3 4 2 0 0 1 0 0 1 2 5 0 2 2 0 1 1 0 67 87 36 58 0 1 0 0 0 3 0 2 0 2 2 1 0 2 0 0 1 0 1 0 1 25 1 16 0 0 0 1 0 0 0 9 0 0 1 3 1 4 0 1 0 0 0 0 67 197 85 55 0 3 2 2 2 1 3 1 0 0 1 0
1 0 0 6 0 0 0 1 2 13 6 7 0 0 3 2 1 1 2 1 0 0 0 0 0 0 4 0 2 1 2 0 42 38 17 54 0 0 0 0 1 9 0 3 0 0 0 0 2 0 0 2 0 0 0 2 0 14 1 9 1 0 0 0 0 1 0 1 0 0 5 0 0 0 1 0 0 1 1 0 64 132 90 48 0 1 2 1 1 2 1 5 0 0 0 0
0 0 0 0 0 0 0 0 1 18 2 3 0 0 0 2 1 3 4 1 3 0 2 1 3 0 4 2 1 1 3 0 69 68 21 29 2 0 0 2 1 2 0 6 0 0 2 0 1 0 0 0 0 1 0 0 0 11 1 7 0 0 3 0 0 0 2 10 0 2 8 0 2 4 0 0 1 0 0 1 61 202 76 66 0 0 1 5 5 5 0 2 0 0 2 0
0 8 0 0 0 2 0 0 0 17 3 1 0 1 3 0 0 0 4 1 0 0 0 0 9 2 2 5 1 0 6 0 61 50 24 45 0 3 0 2 0 3 1 3 0 0 1 1 0 0 0 0 0 0 0 2 5 12 5 17 0 2 2 0 0 0 0 4 0 0 1 3 0 0 0 6 1 3 0 1 63 164 145 77 2 2 2 4 1 0 3 1 0 0 1 0
1 0 0 0 0 0 0 0 0 9 4 3 0 4 1 1 0 4 2 1 0 3 1 0 3 0 4 0 1 2 2 0 32 41 22 25 3 1 0 0 2 1 0 0 0 0 2 0 0 0 0 0 0 0 3 0 0 14 1 15 0 0 0 0 0 0 2 4 0 0 0 6 1 3 2 1 0 2 1 4 46 86 42 61 0 1 0 4 1 3 1 1 0 6 0 2
1 0 2 0 0 0 5 1 7 47 8 7 4 5 0 5 0 6 2 6 0 2 0 2 15 0 5 3 1 0 1 1 119 111 78 108 2 3 0 0 0 1 5 10 0 0 1 3 0 1 0 0 0 2 1 7 2 46 7 23 1 0 2 3 3 1 9 26 0 0 4 1 6 3 1 7 4 4 0 1 124 330 171 112 2 11 0 8 5 3 6 5 0 1 1 1
0 0 0 0 3 0 0 1 1 15 7 2 0 1 1 0 1 0 0 0 3 0 1 0 2 1 3 0 7 4 0 0 27 22 11 32 1 0 0 2 3 0 1 3 0 0 0 0 0 0 0 2 0 0 0 0 1 13 2 8 0 2 0 3 1 3 0 1 0 1 4 1 1 0 2 1 0 1 0 0 57 113 67 42 0 0 3 1 0 0 4 0 0 0 0 1
0 0 0 2 2 0 0 1 1 8 11 4 2 0 0 3 2 2 1 1 1 3 1 1 4 1 3 4 0 2 1 0 43 40 26 50 4 1 3 2 0 1 3 5 3 2 0 0 1 1 1 1 1 0 1 1 2 16 4 9 0 0 1 0 6 2 0 7 0 0 0 0 2 0 0 4 0 3 0 3 38 101 52 43 2 0 0 2 2 2 1 2 0 2 1 0
2 0 1 2 1 2 2 0 2 37 2 19 0 3 6 3 2 0 2 0 2 0 3 0 4 4 1 0 2 0 1 0 121 187 58 137 2 0 0 2 0 1 4 3 0 0 1 0 1 0 1 0 0 0 1 0 4 54 4 25 0 0 0 3 0 0 1 25 0 0 7 3 0 1 0 2 0 1 3 0 207 554 249 163 1 0 0 0 5 2 6 2 0 0 0 1
2 0 0 1 0 0 0 2 1 23 1 5 1 1 4 2 1 1 3 1 0 2 5 1 7 2 2 0 1 0 2 0 54 74 38 53 2 1 1 2 7 0 1 12 1 0 0 1 0 0 0 1 1 4 0 3 0 13 1 11 1 0 2 2 1 1 4 9 0 3 0 2 2 1 1 2 2 3 4 0 88 197 112 71 2 0 1 0 1 9 0 1 0 0 0 3
0 0 4 1 2 2 4 0 0 40 3 5 0 0 1 4 0 1 2 5 0 0 2 0 4 0 0 0 2 2 1 0 55 71 27 44 0 4 1 0 2 0 5 6 0 0 1 0 1 2 0 0 0 0 1 0 3 27 3 4 0 0 1 0 1 2 2 9 0 0 1 2 0 4 3 0 0 0 0 0 79 202 103 48 0 1 2 1 1 1 3 1 0 0 0 1
1 4 1 2 0 1 0 0 5 12 5 3 1 0 0 3 2 3 0 3 1 1 2 0 4 4 0 5 1 4 0 2 37 62 29 49 0 2 1 0 2 5 1 2 0 0 2 6 4 0 0 0 0 1 0 0 6 12 0 18 2 2 0 1 0 0 1 5 0 3 2 10 0 2 0 1 2 5 0 5 58 140 67 47 2 0 0 6 0 1 1 1 0 0 0 6
0 0 0 0 0 0 1 0 0 19 1 5 0 0 2 0 1 0 0 0 0 0 0 0 2 0 1 0 0 0 1 0 42 70 16 48 0 0 1 0 0 1 0 8 0 0 0 0 0 0 0 0 0 0 0 0 4 6 2 2 0 0 1 2 2 0 0 13 0 0 1 0 5 0 1 0 0 1 0 0 62 143 106 43 0 0 2 2 0 3 2 0 0 1 0 3
1 0 0 3 0 0 1 0 1 28 2 12 1 0 0 7 0 1 0 2 0 0 0 1 12 3 3 0 2 0 5 0 56 91 41 56 0 0 2 1 3 1 4 5 1 8 0 1 1 0 0 0 0 0 0 0 2 27 5 26 0 0 4 1 0 2 6 5 0 0 2 1 4 5 2 1 1 1 0 2 85 185 113 78 1 2 1 4 0 4 2 5 0 4 1 0
2 3 0 0 0 0 3 2 3 35 2 6 3 2 3 7 3 1 5 5 7 0 4 1 7 1 1 2 5 2 6 0 85 172 55 111 1 1 3 0 6 7 6 9 0 3 14 6 1 2 0 2 3 0 3 1 0 29 10 30 0 2 4 4 1 1 3 32 0 4 13 2 9 2 0 6 2 10 3 8 190 423 196 153 4 2 8 17 5 5 5 5 2 0 1 4
2 2 5 3 0 0 1 0 9 87 0 22 8 0 7 5 4 0 3 2 2 0 4 3 6 1 3 5 5 1 2 1 203 237 84 203 3 4 1 4 1 0 10 8 4 7 5 3 1 1 1 0 0 2 0 0 8 69 10 48 1 4 7 0 4 0 6 45 0 0 12 0 5 8 4 5 1 6 2 4 330 825 421 236 2 3 0 8 9 6 6 3 0 0 0 0
0 0 0 0 0 0 1 1 0 8 2 2 0 3 0 0 0 0 0 1 0 0 4 0 2 0 0 1 0 1 3 0 33 65 18 39 0 1 3 1 0 2 0 2 2 3 0 0 0 0 0 2 0 0 0 0 0 10 1 5 0 0 0 2 0 0 1 1 0 0 3 0 0 1 0 0 0 0 0 1 101 176 99 44 3 0 1 2 0 0 1 0 0 0 0 0
2 0 0 1 0 0 0 0 0 14 5 4 0 0 0 3 0 3 6 2 0 3 3 2 0 0 3 0 1 0 2 0 37 58 16 54 1 1 0 0 1 0 6 0 0 1 4 1 0 0 0 1 3 0 0 0 2 15 3 12 0 0 5 2 0 0 0 9 3 0 3 2 1 4 0 1 2 0 2 0 44 154 81 39 0 1 1 3 2 2 3 4 2 1 2 0
0 2 0 0 0 0 0 0 3 76 4 15 2 1 1 12 0 2 3 1 0 1 1 3 1 5 3 22 0 0 2 2 190 335 113 233 1 5 0 6 0 5 1 10 0 3 2 8 0 1 2 1 0 0 0 0 0 63 3 33 3 1 3 6 3 2 0 3 0 1 0 1 3 4 0 8 5 3 0 5 283 695 307 225 9 5 5 28 1 9 7 7 0 5 1 12
1 0 3 1 3 0 0 1 1 11 15 7 2 0 2 1 1 0 6 0 0 0 2 1 1 1 1 0 0 1 1 0 61 74 27 63 0 2 0 3 0 2 3 9 0 1 2 1 0 0 2 1 0 0 0 0 0 30 2 9 1 2 1 0 0 2 0 7 0 0 1 3 3 4 0 1 0 0 0 1 50 186 109 61 0 2 0 4 9 3 4 4 1 5 0 0
0 1 0 1 1 0 5 0 1 15 1 2 1 0 0 2 6 0 3 1 2 0 0 1 0 1 1 0 0 0 2 1 33 57 8 40 0 0 0 0 1 0 6 1 0 1 1 0 1 0 0 0 0 1 0 0 2 13 2 8 0 1 3 1 0 0 1 7 0 0 1 0 0 0 1 0 1 0 0 1 48 115 64 31 1 1 0 2 1 1 7 0 0 2 0 0
3 2 0 0 0 2 0 0 2 23 6 11 2 4 0 3 0 1 0 1 3 0 4 0 3 3 0 4 2 0 8 1 78 81 27 72 0 1 3 0 2 0 6 6 0 0 0 0 4 2 1 0 2 1 0 0 6 23 3 12 1 0 1 1 1 1 0 6 3 0 0 6 5 2 1 1 0 0 0 3 78 193 67 84 0 9 0 5 1 2 0 6 1 1 0 3
1 1 0 0 0 0 0 0 0 14 1 6 0 1 0 1 1 0 1 0 0 0 2 0 0 0 1 0 0 3 0 0 37 39 22 36 1 3 0 0 0 5 0 7 1 0 0 3 1 1 2 0 0 2 2 0 2 19 3 7 2 0 1 0 3 0 1 9 0 2 1 0 0 1 0 2 1 1 0 2 49 108 82 45 1 0 0 1 1 0 4 1 0 5 0 0
0 2 0 0 3 1 3 2 1 15 11 4 2 0 1 1 6 1 0 0 0 0 7 1 6 4 4 2 3 0 0 0 31 45 17 38 0 1 4 1 0 5 0 1 0 1 4 2 3 1 0 0 0 1 0 0 1 9 8 6 0 0 1 0 0 4 5 4 1 2 9 4 4 6 1 3 4 2 2 4 27 80 43 32 3 0 0 2 0 0 2 4 2 1 1 1
0 0 0 0 0 0 0 1 0 10 2 8 0 2 0 0 1 0 0 4 0 0 0 0 0 0 1 0 0 0 0 4 29 46 17 43 0 0 0 0 0 3 0 4 0 0 0 3 1 0 0 1 0 0 0 0 1 11 0 15 2 1 1 0 1 3 1 3 0 0 0 2 0 1 0 0 4 2 0 2 37 107 49 43 0 0 0 1 1 1 1 0 0 0 0 0
0 2 0 2 1 0 0 1 4 7 2 5 0 0 1 1 0 2 0 6 0 0 1 1 1 2 0 0 1 0 0 0 31 35 18 35 0 1 0 2 1 2 1 0 0 1 1 1 0 0 0 0 0 0 0 0 0 18 4 8 0 0 0 1 2 0 2 7 1 0 0 0 3 1 1 0 1 0 0 0 59 117 56 30 2 0 1 5 2 4 1 0 0 3 0 1
1 3 2 0 1 4 1 0 1 11 5 8 0 2 4 2 0 1 1 1 2 2 0 0 3 3 2 9 2 2 3 5 54 54 25 48 0 1 7 4 1 7 6 4 0 2 1 8 0 0 0 0 0 0 0 2 2 27 6 11 0 1 0 1 3 1 0 1 3 3 1 3 7 4 0 9 1 5 0 0 52 151 85 48 0 0 0 4 2 1 6 7 0 5 3 0
1 0 0 6 0 0 0 0 3 14 8 5 2 2 0 3 0 0 0 2 0 0 0 3 5 6 0 5 0 0 1 0 51 87 34 64 2 0 0 3 0 5 0 5 0 0 0 1 2 0 0 0 0 4 0 0 3 39 3 7 1 1 0 0 2 0 1 7 0 0 2 0 3 1 0 2 1 0 0 2 67 205 116 72 3 3 0 2 2 1 1 2 0 0 2 1
1 3 0 0 1 1 1 0 3 52 3 22 3 2 0 5 1 2 3 5 0 1 1 1 2 1 1 0 0 1 2 1 72 103 46 87 0 1 3 0 0 5 7 5 0 0 1 0 2 0 0 0 0 0 0 2 0 33 4 16 2 0 1 0 0 1 1 12 1 2 4 1 1 8 0 0 1 7 5 4 73 258 117 74 4 2 0 11 6 4 5 0 0 0 0 3
2 0 0 0 0 0 1 0 1 37 4 6 0 3 4 9 0 0 1 5 1 0 0 0 13 5 3 5 2 0 0 1 74 132 48 76 5 1 4 1 0 4 3 2 0 0 0 4 1 3 0 6 0 1 1 0 0 22 5 18 0 4 0 4 1 1 0 17 1 1 0 4 1 3 0 2 0 3 0 2 161 304 142 94 0 4 4 2 0 2 1 0 3 0 1 3
1 1 0 0 0 2 0 0 2 21 10 5 0 1 0 7 2 1 1 3 1 2 2 0 5 2 1 2 5 0 1 0 49 85 20 61 0 0 1 0 1 2 3 4 0 1 7 1 2 2 0 0 1 0 1 0 8 17 5 6 0 0 0 0 1 2 0 4 0 0 1 0 0 0 0 2 0 0 0 1 81 197 110 51 0 0 3 8 2 5 2 2 0 0 1 1
5 8 0 5 3 0 7 1 1 81 8 28 6 5 5 15 12 3 13 9 2 1 7 1 14 2 9 8 1 9 13 4 340 497 122 371 4 6 10 17 1 9 4 26 1 9 24 7 2 1 0 2 0 5 1 3 0 123 9 83 0 5 8 4 5 13 9 81 3 0 19 4 8 13 1 3 10 12 8 9 461 1207 598 395 2 8 6 23 11 11 10 15 8 4 9 10
0 0 0 2 0 0 1 1 4 53 15 27 6 5 3 7 3 0 3 10 0 1 0 3 8 2 4 2 0 0 5 0 143 199 39 168 0 6 1 0 6 4 5 16 0 3 0 0 0 1 1 0 4 1 2 0 3 52 16 39 4 0 0 4 6 5 4 39 1 1 3 2 4 8 1 8 0 1 2 3 267 609 314 202 2 7 1 23 6 9 7 8 4 2 2 3
0 0 0 0 1 0 0 0 2 40 1 9 3 2 2 2 0 0 4 3 1 0 0 0 10 2 7 1 1 1 2 0 75 93 39 78 0 1 3 3 0 1 1 5 0 1 3 1 0 2 1 0 1 0 0 0 3 26 6 21 1 0 2 0 2 4 0 13 0 0 3 3 1 4 1 4 0 0 1 0 115 307 173 84 0 3 1 7 3 2 4 0 0 4 0 3
0 0 2 4 0 0 0 0 1 1 6 3 0 0 0 0 0 0 0 0 0 0 6 0 165 18 39 93 0 0 0 1 4 2 4 8 0 0 0 0 0 0 0 0 0 0 0 8 4 0 0 9 0 0 0 0 2 6 3 1 0 0 0 0 0 0 0 2 0 0 2 0 10 11 5 19 2 0 0 1 5 16 10 5 1 0 0 0 1 1 3 1 0 2 0 0
0 1 2 2 1 0 4 2 11 57 4 31 0 7 6 11 1 3 4 5 1 3 8 4 15 8 5 6 6 2 4 7 197 330 104 210 2 2 6 16 6 3 4 22 0 2 3 8 2 1 0 2 3 0 1 2 2 56 12 36 4 1 3 9 8 4 2 83 1 7 2 9 12 21 3 9 4 5 3 5 269 741 352 259 11 9 1 41 5 14 13 20 3 6 3 5
2 3 0 0 0 0 0 2 0 9 0 10 1 0 0 4 2 0 1 0 0 1 0 0 6 1 0 2 1 2 3 1 36 69 22 79 0 1 1 1 0 0 1 1 0 0 3 1 5 1 0 0 0 0 0 1 4 16 2 15 1 2 2 0 1 3 0 3 0 0 2 0 3 0 0 2 1 2 0 0 82 186 108 76 0 4 5 10 6 0 3 1 0 0 1 2
4 0 2 1 0 0 0 2 4 31 7 5 1 0 1 3 0 1 1 3 0 0 6 0 1 2 4 1 0 0 2 1 60 85 33 67 0 1 0 1 4 6 2 6 0 0 7 4 0 2 1 6 0 0 2 0 3 12 5 13 0 0 0 3 0 0 1 27 0 0 13 1 1 7 2 3 0 1 0 0 79 228 104 69 2 3 1 14 2 5 4 0 0 5 3 2
1 0 0 0 0 0 0 0 1 25 0 4 10 1 2 4 2 0 0 3 0 0 0 3 2 0 0 0 0 0 1 2 45 76 30 53 0 0 0 2 3 1 7 5 1 0 3 0 2 0 0 0 0 0 0 1 5 23 2 18 0 2 0 1 3 0 1 6 0 0 11 0 1 6 0 0 1 2 0 0 107 229 94 80 1 0 0 5 2 5 3 1 0 1 0 6
0 0 0 1 1 4 0 0 0 12 5 11 0 1 3 8 0 0 0 0 0 0 1 1 0 3 0 0 0 0 0 0 57 73 17 51 0 1 2 2 1 1 0 1 0 1 1 0 4 0 0 0 0 0 0 1 1 17 6 11 0 0 2 0 0 4 1 6 0 0 0 0 1 0 0 0 0 2 0 1 50 146 97 61 0 0 1 5 0 4 2 1 0 0 0 0
5 5 0 5 3 3 2 6 5 130 13 66 2 7 5 17 2 3 15 8 0 1 11 1 19 10 4 5 2 0 6 4 412 703 189 450 3 10 7 8 9 2 13 27 0 1 15 5 4 4 3 1 4 4 3 2 10 116 14 77 5 0 8 6 8 7 11 65 3 0 13 6 11 17 3 6 4 15 4 3 538 1676 771 513 9 0 0 17 19 9 12 8 0 2 10 5
3 2 0 0 0 2 0 5 4 141 6 26 1 3 1 17 5 3 5 5 0 2 5 0 28 4 11 22 0 4 1 3 369 516 161 469 0 20 1 12 6 4 5 15 0 3 5 11 0 3 1 2 0 2 1 3 6 80 1 108 11 2 4 5 6 1 6 25 0 0 4 2 6 16 1 10 1 5 0 10 805 1523 727 455 5 28 4 47 1 11 4 8 2 10 1 8
3 0 0 0 3 0 1 1 3 14 3 5 1 0 0 3 0 0 3 1 3 0 1 0 5 3 1 1 5 2 0 0 45 52 12 36 0 1 0 3 2 2 4 4 0 0 2 1 0 0 0 1 0 0 0 0 1 22 0 12 3 0 2 1 1 0 1 14 0 0 7 0 0 2 1 2 0 3 2 0 63 161 83 41 0 0 1 0 0 3 1 13 0 1 0 0
0 1 0 2 0 1 0 1 3 5 2 3 0 0 0 4 1 1 0 2 0 0 0 0 10 0 0 3 1 1 0 3 33 34 13 26 0 0 1 0 0 1 4 8 0 0 0 1 0 0 0 0 4 0 0 0 2 13 2 3 0 0 1 0 0 3 1 12 0 0 0 0 0 1 0 2 0 3 0 0 39 136 56 54 0 0 5 4 2 3 2 0 0 0 0 0
0 0 0 3 1 0 1 0 5 91 11 17 2 3 1 11 1 2 4 8 2 4 1 2 21 8 8 8 5 1 7 1 229 299 118 237 0 7 4 6 7 3 4 19 0 5 10 15 1 0 0 0 0 4 0 0 2 74 10 56 1 1 3 2 3 0 4 7 0 1 9 3 4 11 1 2 1 2 5 2 409 753 377 206 0 9 6 23 8 10 4 1 0 3 7 10
3 2 0 0 0 3 2 0 2 117 0 29 7 2 5 13 1 4 5 4 2 2 3 4 9 3 7 6 4 1 8 4 267 306 90 293 5 3 3 2 2 4 3 12 0 5 2 6 3 0 0 0 1 1 2 2 6 90 3 49 0 2 1 2 1 2 2 30 0 1 3 3 3 7 1 5 0 3 2 4 391 1059 445 317 1 7 1 13 7 8 8 6 2 0 1 4
1 1 1 0 0 2 1 3 3 15 3 10 1 4 0 1 3 0 2 2 0 1 1 4 4 0 5 1 2 3 3 1 70 100 40 69 1 1 1 2 0 2 0 4 0 1 0 4 0 4 0 0 0 2 1 0 4 30 0 14 3 0 0 0 0 2 2 12 0 1 0 0 0 1 0 1 3 2 1 2 68 200 116 71 2 9 3 3 2 6 4 6 0 1 0 2
0 1 0 1 2 0 0 0 0 12 2 2 3 0 0 0 1 0 1 0 0 0 1 2 1 2 2 0 0 1 0 0 56 46 15 32 0 0 0 1 0 1 2 6 2 0 0 0 0 1 0 0 0 0 2 0 0 17 5 8 0 0 2 2 0 1 0 6 0 0 0 0 0 0 0 0 2 0 1 1 46 127 49 36 1 0 0 0 0 4 0 2 0 0 3 0
2 0 0 0 0 0 0 1 0 19 0 0 2 1 0 5 1 3 1 0 0 0 1 0 3 3 1 1 0 0 2 0 34 48 12 37 1 0 1 0 2 1 1 2 0 0 2 0 2 0 0 0 0 2 0 0 1 13 2 15 0 0 1 0 0 0 0 1 0 0 2 0 1 1 1 0 1 2 1 1 46 96 69 42 0 0 1 2 2 3 0 6 0 0 0 0
0 0 0 3 0 0 1 0 3 28 0 6 0 1 2 4 1 0 2 3 0 0 2 0 2 3 5 1 1 0 0 0 95 105 38 88 0 1 1 0 1 2 1 9 0 0 3 1 2 0 0 0 0 0 0 1 0 16 10 19 3 0 4 2 0 1 1 10 0 0 7 0 1 7 0 5 1 4 1 0 116 271 137 86 4 0 1 3 5 2 5 2 0 0 1 1
0 2 0 0 0 0 1 0 2 36 3 13 2 0 4 1 5 3 9 12 0 1 3 1 7 3 0 1 0 0 5 1 109 174 37 128 2 5 3 0 4 4 4 12 0 4 1 2 0 2 0 0 1 1 2 1 5 28 1 27 1 0 2 0 4 2 2 26 0 0 3 0 0 4 6 0 2 3 0 5 144 423 236 103 0 5 2 4 3 0 5 2 0 1 4 3
6 1 0 0 2 1 2 2 3 52 7 18 3 1 3 6 0 2 3 2 0 1 3 0 1 0 2 7 2 3 3 1 133 164 74 114 3 0 1 10 5 1 3 12 0 1 0 1 3 2 0 0 0 2 2 2 1 55 7 33 1 0 5 2 1 2 7 17 0 1 6 2 2 14 0 0 2 2 6 4 111 362 145 120 0 3 4 1 6 4 1 6 2 3 3 3
0 0 0 0 5 0 0 0 1 15 6 13 0 4 2 0 2 0 3 9 1 0 0 0 1 2 0 1 0 0 1 0 30 37 22 25 1 0 1 2 0 1 0 1 0 2 5 2 1 0 0 0 0 0 0 5 0 22 7 8 0 0 0 0 0 1 0 4 0 0 1 0 2 1 0 0 0 0 0 4 62 175 66 43 0 2 1 0 1 2 1 2 2 2 0 2
0 4 0 0 1 1 0 1 0 17 1 7 0 0 0 1 1 1 1 4 0 0 0 1 0 0 0 0 1 0 0 1 56 50 25 50 0 2 0 0 0 8 0 0 0 0 0 0 0 2 0 1 1 0 0 0 0 10 4 15 0 0 0 0 1 0 4 4 0 0 2 1 1 6 0 0 1 1 0 0 53 154 82 47 0 0 0 1 2 3 1 8 1 0 0 2
0 2 1 0 3 2 4 1 5 49 5 29 4 1 4 12 1 3 4 5 0 1 4 2 7 10 7 4 2 4 1 2 176 238 103 159 4 4 3 5 4 1 3 14 0 1 4 11 3 1 0 1 2 1 2 0 5 48 3 28 1 2 2 1 0 1 0 24 0 6 8 3 3 11 0 9 0 1 7 0 212 568 204 166 7 6 9 21 11 8 4 15 5 10 8 0
0 2 0 0 0 0 0 0 0 7 12 6 0 4 0 0 0 0 0 2 0 0 0 0 2 2 1 0 0 0 0 0 51 56 13 41 0 3 0 1 0 2 3 1 0 0 0 0 0 0 0 0 0 0 0 0 3 11 0 9 0 0 0 0 1 1 0 6 0 0 3 0 1 3 1 0 0 1 1 0 61 102 44 28 0 0 0 6 4 0 4 0 0 0 0 3
0 0 0 0 0 1 0 0 1 9 2 4 0 4 0 5 0 0 0 0 0 0 0 0 3 0 0 0 0 0 0 0 34 53 16 44 0 0 0 0 0 0 1 5 0 0 0 0 0 0 0 0 0 0 0 0 0 14 4 8 1 1 1 0 0 0 0 6 0 0 5 0 1 4 0 0 0 1 0 0 57 93 77 34 0 1 2 1 0 2 4 3 1 2 0 0
0 2 0 0 0 0 3 2 1 31 2 7 1 0 1 4 1 2 6 1 0 0 1 0 2 2 5 1 0 1 2 1 65 116 18 53 0 1 0 2 1 2 4 4 0 0 0 5 0 0 0 0 0 4 1 0 1 23 1 22 1 0 1 0 0 1 1 12 3 0 3 2 2 2 0 2 0 2 2 0 105 255 132 87 0 0 0 5 5 5 4 0 0 0 2 3
2 1 3 4 3 1 2 0 5 101 3 21 3 3 0 8 3 4 2 6 0 2 5 1 13 4 3 4 0 2 1 0 298 396 115 260 0 2 2 7 3 2 5 20 0 1 7 4 4 0 0 1 0 10 0 1 3 77 5 58 0 1 4 1 0 1 4 51 0 3 6 6 9 13 1 15 0 7 1 6 371 915 452 286 7 8 3 9 4 6 0 13 4 2 10 3
3 1 0 1 0 0 0 0 2 30 1 8 3 3 0 5 2 0 3 5 1 1 1 0 3 1 0 0 0 0 4 2 40 70 26 52 1 2 2 1 0 1 2 5 0 1 1 0 2 1 0 1 0 0 0 2 2 22 2 7 0 0 0 2 1 0 0 15 0 0 5 0 2 9 5 1 4 4 0 0 92 238 105 55 1 0 0 4 2 1 1 2 0 2 0 3
0 0 0 2 4 0 0 0 3 6 0 1 0 3 0 0 1 1 1 0 0 1 0 1 6 1 2 0 1 0 0 0 39 44 16 31 0 0 2 0 0 0 1 4 0 0 0 0 0 1 0 0 0 0 0 0 1 14 2 10 0 0 2 1 0 0 0 5 0 0 0 0 0 1 0 2 2 0 0 1 64 117 53 48 1 1 1 0 2 0 0 0 0 0 0 1
5 1 0 5 0 0 3 0 2 41 3 25 1 3 1 3 0 4 6 4 3 2 2 2 5 7 6 4 1 1 3 7 192 258 103 221 0 6 5 1 4 8 4 14 0 0 3 1 2 0 1 0 0 0 1 0 2 66 14 43 0 0 3 2 12 3 1 36 1 1 1 4 4 8 3 3 2 2 0 0 246 630 323 179 3 4 0 12 15 6 3 2 3 1 1 7
4 0 0 0 1 5 0 6 0 37 3 15 2 5 2 9 3 4 0 3 0 2 8 3 1 0 1 5 2 0 2 1 121 138 43 157 2 2 0 0 3 1 2 5 1 2 14 6 0 0 0 0 0 1 1 0 6 56 1 30 0 3 0 0 0 4 1 26 0 2 13 6 1 3 1 2 1 2 0 4 175 464 207 115 4 1 6 7 4 9 10 6 4 4 3 4
2 1 4 1 1 0 0 0 0 9 4 5 0 0 0 6 0 0 3 0 1 0 0 0 1 0 1 1 0 0 6 1 34 63 20 37 0 0 2 0 1 0 2 5 0 0 3 7 4 0 0 0 0 2 0 0 0 14 0 8 0 1 0 0 0 0 1 4 0 0 4 0 0 2 0 2 4 1 0 0 37 139 75 32 0 0 1 0 3 0 0 1 0 1 1 0
5 2 0 0 0 0 0 0 2 30 8 7 2 3 3 0 0 0 1 6 1 0 0 0 3 0 0 2 0 2 1 0 77 103 32 87 1 0 2 5 1 0 0 1 1 1 2 2 4 0 0 0 0 0 0 0 3 22 5 18 1 0 2 1 1 0 2 8 0 0 2 1 6 8 0 6 0 2 0 1 110 270 142 89 0 0 0 3 1 3 3 2 0 3 1 0
1 1 2 0 1 1 1 0 2 14 1 6 1 3 0 3 2 0 0 2 0 0 1 0 6 3 5 3 0 0 2 0 42 52 14 45 0 1 0 1 0 0 3 2 0 1 0 3 3 0 0 2 0 0 0 0 4 18 5 14 0 0 1 1 0 0 0 3 0 0 5 2 0 0 1 1 1 2 0 2 59 130 64 62 0 0 0 0 0 1 0 1 1 3 0 0
10 1 2 0 1 1 6 1 1 84 5 23 6 3 6 23 0 7 7 8 1 1 6 2 7 3 3 7 3 0 6 3 222 358 112 218 0 14 12 10 5 2 8 27 2 3 4 7 2 3 5 0 0 4 4 1 4 73 8 44 3 0 2 5 0 5 1 30 0 0 1 5 3 15 2 7 1 7 1 3 271 764 391 223 3 9 1 22 4 13 7 20 5 6 3 4
0 1 0 1 0 1 0 0 0 29 4 7 2 0 0 1 3 1 0 0 0 0 7 0 2 1 0 0 0 0 4 1 55 97 44 83 0 3 4 0 6 3 2 2 0 2 2 1 0 0 0 2 0 0 4 0 0 22 3 14 0 0 0 3 1 3 1 10 0 0 1 3 0 6 0 1 0 0 1 0 104 281 121 59 0 4 1 4 4 0 1 4 0 0 1 0
4 4 1 3 1 1 1 2 1 51 10 13 6 0 2 10 1 2 1 5 2 7 3 3 5 0 5 4 0 1 10 4 184 261 96 206 7 1 5 5 6 1 3 10 0 3 7 8 0 1 0 0 0 0 3 5 6 54 10 38 1 0 0 2 4 0 7 28 0 1 6 2 5 12 2 6 0 2 5 5 225 561 278 216 11 2 5 8 7 6 6 6 2 6 3 3
0 0 0 0 0 0 0 1 0 24 3 6 1 0 0 4 2 0 1 1 0 0 4 0 0 1 0 2 0 0 2 2 47 48 13 36 0 1 0 0 0 0 0 3 0 1 1 0 3 0 0 0 0 0 2 0 2 5 1 10 1 2 3 2 0 1 0 6 0 2 3 2 2 3 3 0 0 0 0 2 54 128 64 25 0 0 3 1 0 2 1 0 0 0 0 0
2 0 0 0 0 0 0 0 0 17 13 6 0 0 0 0 1 0 1 1 0 0 5 0 6 1 3 2 0 3 0 3 24 35 30 36 0 1 0 0 2 2 0 3 0 0 1 0 0 0 0 0 2 0 0 0 0 5 2 16 0 0 0 1 1 1 4 4 0 0 0 2 2 0 1 3 3 3 2 7 43 163 60 37 1 0 0 0 2 3 0 0 1 0 0 3
1 5 0 0 0 1 0 0 1 15 3 14 0 0 1 6 1 0 0 1 0 0 1 1 0 0 1 0 2 1 0 0 73 97 30 47 0 0 1 1 1 0 4 4 0 1 2 4 1 2 0 1 0 0 0 2 4 21 11 15 0 1 3 0 0 2 0 11 0 0 3 0 0 3 0 0 0 3 0 1 118 284 106 67 0 4 1 1 2 2 1 0 0 1 0 0
8 1 2 5 3 0 0 1 7 70 5 16 2 3 7 22 5 3 8 5 0 0 9 1 4 2 5 11 2 2 5 4 218 329 107 269 0 6 2 13 1 6 2 16 0 9 3 14 0 0 0 0 2 5 1 2 6 68 8 32 0 1 1 4 0 0 2 45 2 4 8 2 2 8 2 4 2 6 3 4 226 706 360 291 8 5 3 36 16 5 13 20 3 7 4 13
3 2 1 0 3 0 0 1 1 27 8 5 1 0 3 1 1 0 0 1 0 0 1 3 5 0 1 0 0 0 5 1 70 78 14 57 1 0 0 4 3 3 0 12 2 0 2 2 0 0 0 1 0 3 2 0 0 14 6 17 1 1 3 0 1 2 1 13 0 1 4 2 1 5 0 3 1 3 0 2 76 243 89 74 1 0 0 0 6 3 0 5 0 1 0 4
0 1 0 0 0 0 3 0 3 26 4 12 4 1 0 10 1 6 2 7 0 3 3 2 2 2 2 0 0 2 0 2 97 100 42 89 1 0 0 2 1 1 5 9 0 0 4 1 5 0 0 0 0 0 0 1 3 22 4 16 1 0 2 2 3 2 3 15 0 1 9 2 2 2 4 1 2 2 0 3 108 294 210 79 0 0 4 11 3 1 9 5 0 0 1 5
3 0 0 0 0 2 2 0 2 50 9 16 3 5 2 16 1 0 9 1 0 1 1 3 12 0 11 6 0 2 0 2 159 244 74 188 1 1 3 4 4 5 6 8 2 0 0 0 1 0 0 0 0 0 0 0 4 63 0 45 0 0 6 9 1 1 9 27 0 0 1 0 0 1 6 8 1 4 1 5 331 676 384 207 5 3 2 10 5 7 2 5 1 2 0 0
5 1 0 0 0 3 1 6 0 13 7 7 3 0 1 6 1 0 2 4 1 2 9 2 4 4 0 0 1 3 0 0 97 91 26 55 0 0 0 13 2 4 2 8 0 6 3 6 0 0 2 0 0 4 1 1 3 23 5 14 0 2 0 3 2 1 7 29 0 0 5 1 6 4 0 0 7 1 0 3 137 317 136 76 4 6 1 15 3 7 9 7 0 4 4 10
0 2 0 0 0 1 0 1 1 33 5 14 2 2 3 3 2 6 3 3 0 0 0 0 2 1 0 1 2 1 2 1 124 157 56 111 2 4 0 3 2 4 7 8 0 0 1 3 1 2 0 4 0 1 2 0 1 33 1 30 2 0 5 1 3 2 1 23 0 1 4 5 1 7 0 2 0 3 0 3 211 494 228 118 0 1 3 3 6 1 2 3 0 2 0 0
1 2 2 1 2 0 1 3 0 63 7 22 3 2 1 12 3 4 5 4 0 0 5 2 3 3 0 4 1 3 5 6 234 300 107 225 0 3 0 17 1 8 6 17 0 2 3 6 0 0 0 0 0 1 0 5 1 58 1 38 0 2 3 3 5 0 2 6 2 1 8 2 4 2 0 7 1 3 0 10 355 953 494 282 3 3 3 25 11 14 7 5 3 5 11 10
0 1 0 0 0 0 2 1 1 19 4 5 1 0 1 2 0 1 2 0 0 0 0 0 1 0 2 0 0 0 3 1 42 37 8 28 1 1 0 1 0 0 0 3 0 1 0 1 0 0 0 0 0 0 0 0 0 9 2 5 0 1 4 2 0 0 2 16 0 0 1 0 0 0 1 1 1 0 0 0 65 105 48 42 0 0 0 0 0 4 2 0 0 0 1 1
2 0 0 0 0 0 0 0 1 22 2 5 3 0 1 4 0 0 1 2 0 6 3 0 4 1 2 2 0 0 3 2 87 107 36 78 0 0 1 0 4 1 0 5 0 1 1 0 0 0 0 4 0 7 0 2 0 13 5 14 0 0 1 2 0 0 0 11 1 0 2 0 3 8 0 1 1 5 3 0 87 169 86 55 0 3 2 3 1 0 1 5 0 0 1 1
0 0 0 0 0 4 0 1 0 15 8 2 3 4 1 4 1 0 0 1 0 0 2 0 2 6 2 0 0 1 3 0 68 93 23 41 0 2 0 1 0 0 2 3 0 0 0 1 1 0 0 0 0 1 0 0 1 35 3 10 0 0 0 0 0 0 1 7 0 1 7 0 0 4 4 3 0 0 0 1 79 256 125 71 0 2 0 0 3 0 4 0 1 0 2 0
1 0 0 0 0 0 3 5 0 6 4 1 0 0 6 0 3 0 4 1 0 0 1 1 6 1 6 2 1 0 2 1 22 53 19 33 0 0 0 0 0 1 1 1 0 0 0 1 0 2 0 0 0 4 2 0 1 11 3 2 2 0 2 0 0 0 1 3 0 0 0 2 2 1 0 0 0 0 0 7 27 69 49 42 0 1 0 0 0 4 4 3 0 1 1 1
3 4 0 3 0 1 0 2 4 178 7 52 4 6 3 17 1 4 3 8 1 6 6 3 17 9 37 20 1 1 0 2 493 640 272 666 8 8 7 11 3 10 9 18 2 9 3 5 0 2 1 0 0 0 1 3 0 161 6 213 2 3 3 3 1 1 1 21 0 0 5 7 4 5 8 12 1 12 3 3 1036 1877 1568 602 2 15 4 30 5 7 17 14 2 6 1 17
2 4 3 0 0 0 2 0 8 89 11 21 4 3 3 13 8 0 4 4 3 0 10 5 12 9 13 8 1 0 6 1 353 547 154 386 3 1 4 3 5 4 4 12 3 3 1 3 3 0 1 4 1 3 0 0 3 101 6 65 1 4 3 2 3 1 0 21 0 0 2 5 6 14 4 6 1 0 4 4 467 1082 591 393 1 5 1 12 2 5 12 5 0 2 0 4
0 1 3 0 0 1 0 2 2 43 2 9 1 2 1 4 2 0 2 2 0 0 1 3 1 1 0 0 1 1 1 1 106 130 45 87 2 2 0 6 1 5 2 8 0 2 4 1 1 1 0 2 0 0 0 0 1 27 1 10 0 1 0 1 2 1 4 13 0 3 5 0 0 2 2 2 2 4 1 0 114 348 170 113 4 3 4 6 2 2 7 8 2 8 0 5
8 1 2 0 0 0 0 0 0 21 3 2 0 2 3 0 1 1 0 0 0 1 1 0 0 0 0 2 0 1 1 0 81 103 32 72 0 5 0 0 2 2 1 7 0 2 1 20 3 0 0 0 0 0 0 0 3 26 1 18 0 1 3 2 0 1 0 11 0 2 1 0 1 3 0 1 1 2 0 1 135 253 164 73 3 1 0 2 2 3 0 2 0 0 0 7
4 0 0 2 2 0 2 1 5 91 2 23 7 3 5 7 2 1 2 4 1 3 0 0 17 2 5 5 0 10 1 1 135 264 74 238 5 8 3 1 2 6 2 19 1 7 7 4 0 3 0 0 0 3 0 1 0 55 1 52 3 0 0 0 0 0 2 15 0 0 3 7 6 5 0 4 0 4 1 0 309 722 387 305 4 3 7 11 10 8 0 8 0 2 4 9
2 0 0 1 6 0 2 4 9 9 1 7 1 5 2 6 11 45 28 21 1 3 2 1 9 2 2 2 1 1 10 4 37 58 26 45 0 2 3 3 13 24 18 28 1 3 3 6 0 4 0 0 0 1 0 5 1 10 2 8 8 1 5 0 41 42 58 59 0 2 1 3 1 1 1 0 2 4 0 9 32 149 40 43 2 0 0 3 11 6 4 5 0 3 2 2
2 1 0 0 1 5 2 1 1 44 11 12 0 4 2 4 1 1 0 3 1 1 0 0 16 4 6 0 0 0 2 1 92 145 38 110 5 4 1 0 1 0 0 12 0 3 1 3 0 0 0 1 0 5 1 0 1 35 0 35 0 0 1 1 4 6 1 14 0 0 7 2 1 5 4 3 0 5 0 0 166 372 192 122 1 3 1 7 4 4 6 6 0 1 2 1
0 0 1 1 1 0 0 0 3 14 3 8 0 0 0 0 0 0 2 0 0 1 0 0 4 2 3 3 0 0 2 0 65 71 20 54 1 1 1 2 0 2 1 4 0 1 5 0 2 0 0 0 1 0 0 1 0 15 1 8 1 0 1 0 2 0 5 6 1 1 0 2 0 0 0 1 1 0 0 1 63 151 89 40 1 1 0 1 2 2 1 5 1 1 1 0
1 0 0 5 0 1 1 0 4 37 7 12 0 3 1 4 5 0 4 4 0 0 2 5 3 8 1 1 1 1 1 3 169 261 87 162 0 1 0 9 1 6 4 7 0 4 2 3 3 0 3 1 1 1 0 0 1 31 6 43 0 3 0 1 1 4 2 6 0 0 3 0 0 1 0 1 1 1 0 3 320 652 310 150 2 4 5 6 10 3 2 9 1 3 2 3
1 7 1 0 0 1 0 2 4 42 2 14 4 2 0 2 3 0 2 4 0 1 0 3 7 2 0 5 2 1 0 1 96 146 56 108 1 0 0 4 0 0 0 4 0 5 3 4 0 1 0 0 1 0 1 1 2 47 5 18 2 0 4 1 2 3 1 18 0 0 8 3 2 3 0 4 5 0 1 5 104 358 144 98 6 0 8 5 6 4 9 4 0 2 1 0
4 0 0 1 0 2 3 1 6 73 1 39 2 0 8 4 2 0 4 4 0 1 2 2 17 1 9 5 2 3 6 4 195 284 90 224 0 0 1 9 5 2 1 7 0 11 2 4 4 5 1 1 0 0 0 6 1 72 4 42 2 1 2 1 0 4 0 24 0 0 1 4 5 7 7 4 1 0 2 4 254 665 321 217 3 1 1 6 2 1 7 5 0 3 1 4
0 0 0 0 0 3 0 0 0 13 1 0 2 0 1 3 0 1 1 4 0 0 1 0 3 0 1 0 0 0 0 0 48 54 14 47 0 2 0 0 0 1 0 3 0 0 0 0 0 0 0 1 0 0 0 0 2 7 7 13 0 0 1 0 0 0 0 14 0 2 4 2 2 2 2 0 0 2 0 0 62 152 71 55 0 1 0 0 1 0 0 2 0 1 0 1
1 0 0 0 0 1 0 0 3 6 14 1 0 1 2 0 1 0 1 0 1 1 2 3 4 0 0 3 0 2 1 1 20 35 27 34 0 0 0 0 0 0 1 2 0 8 1 5 1 0 0 0 2 0 0 1 3 12 9 6 0 0 2 1 0 2 0 4 1 0 1 4 6 1 0 4 3 0 0 2 59 98 38 33 0 3 0 8 7 4 0 11 1 4 1 4
11 2 0 4 0 3 7 8 3 68 7 29 1 7 7 20 3 5 6 8 0 2 4 1 21 11 5 4 0 5 4 5 184 324 92 189 1 7 3 10 3 7 6 28 5 1 3 2 1 1 0 4 0 3 0 2 13 54 10 38 3 2 2 5 7 5 5 69 1 0 8 2 9 12 8 8 4 11 2 1 306 909 384 265 3 5 2 20 12 16 17 23 4 8 1 10
4 0 1 1 0 2 0 0 2 22 23 22 2 2 0 9 1 2 6 1 0 2 1 1 11 4 9 10 1 0 1 8 107 179 67 125 1 6 2 2 3 5 10 11 0 6 6 3 1 1 0 0 1 5 0 0 3 32 35 26 0 3 0 1 6 7 7 9 0 1 2 1 3 9 0 2 0 0 1 2 110 307 143 151 1 0 6 4 8 3 9 14 0 2 5 4
0 1 0 1 0 0 0 0 1 5 2 0 3 1 0 2 0 0 0 1 0 0 0 0 0 0 0 1 0 0 0 1 24 28 11 24 0 0 2 2 0 1 0 0 0 0 2 0 2 0 2 0 0 0 0 1 7 10 3 5 0 0 0 0 1 0 0 11 0 1 10 1 2 0 2 2 0 0 1 2 49 114 48 33 2 0 0 5 3 1 1 0 0 0 1 3
1 0 0 1 0 0 0 0 3 39 1 4 0 1 1 4 2 4 0 0 2 0 1 2 1 0 0 6 2 0 0 2 118 143 61 126 0 0 2 1 0 0 3 7 0 1 8 1 2 2 4 0 0 4 0 0 4 21 3 27 1 0 2 4 0 3 0 5 1 0 0 0 0 3 0 3 0 3 0 2 208 440 219 146 2 2 2 4 1 0 6 2 2 0 1 0
2 0 0 0 0 1 0 0 3 22 4 6 4 1 2 11 4 1 1 2 3 0 0 0 6 6 2 3 1 3 1 0 42 100 44 76 4 1 1 4 4 3 6 5 0 0 3 6 0 1 0 0 0 0 0 2 4 25 8 8 2 0 4 0 0 1 0 14 2 0 2 1 7 6 0 8 2 0 2 2 80 201 86 90 0 0 3 4 0 2 4 3 1 4 2 4
3 0 0 3 7 1 1 0 5 122 5 29 4 5 6 16 3 1 7 11 0 0 6 2 10 5 6 4 1 5 3 5 333 430 131 397 3 5 3 8 12 5 8 24 2 5 12 5 0 2 2 0 1 0 3 5 6 114 5 72 0 7 5 9 3 3 3 74 0 0 9 3 13 6 0 9 3 5 1 7 488 1156 711 346 6 10 2 27 19 10 25 11 5 4 5 5
7 5 3 2 3 5 1 4 6 39 7 22 0 1 0 5 2 4 7 9 2 2 3 0 8 5 3 1 0 1 5 3 110 135 58 124 0 1 2 5 0 6 10 2 2 2 0 5 1 0 0 2 2 4 2 1 0 43 13 36 1 3 3 0 4 3 5 16 0 0 1 4 7 9 0 4 2 9 3 6 150 398 158 130 6 2 1 2 5 14 2 11 2 1 4 0
2 0 1 3 2 2 4 2 2 76 5 15 8 10 9 11 3 1 11 2 6 5 3 7 9 1 3 6 0 3 10 2 203 257 125 248 0 3 4 7 4 8 13 11 2 4 1 10 0 1 0 1 1 7 2 0 10 65 3 46 3 0 2 3 5 5 9 14 1 3 6 2 2 15 3 5 1 1 0 5 294 801 393 222 13 12 3 16 13 11 13 11 1 4 3 8
2 2 2 0 2 1 0 7 6 45 3 14 9 1 14 4 0 3 3 0 8 1 0 7 16 1 6 7 2 0 1 0 141 236 80 170 0 7 3 2 4 2 6 12 0 0 0 0 5 0 0 1 0 0 2 2 8 40 8 41 0 2 1 1 2 3 3 31 0 2 4 1 5 3 0 2 4 8 0 2 182 512 254 158 2 0 2 8 11 6 2 6 0 2 3 3
1 0 0 0 0 0 0 0 0 9 7 1 0 1 0 3 1 2 0 0 1 0 0 0 1 0 2 0 2 0 0 0 25 50 16 27 0 0 0 0 0 3 0 0 0 0 0 0 0 0 0 1 2 2 0 1 1 7 3 8 0 2 0 0 2 0 2 4 0 0 0 0 0 0 0 1 0 0 0 0 42 99 65 34 0 1 0 0 1 0 2 3 0 1 0 0
0 0 0 0 1 0 0 0 3 25 3 7 1 3 0 7 3 0 1 3 0 2 0 0 8 2 3 1 0 0 0 6 72 64 37 63 0 0 2 1 0 0 2 5 0 4 1 2 0 0 0 0 2 0 0 0 2 24 3 5 0 0 3 1 0 0 1 5 1 0 3 2 0 0 2 0 0 6 0 1 81 172 76 40 0 0 3 2 0 0 1 1 0 2 2 2
0 1 0 0 0 0 0 2 1 9 1 7 1 3 2 3 0 2 0 2 0 0 1 0 5 0 0 0 0 0 2 0 31 44 11 42 0 1 0 1 1 1 1 3 0 2 0 1 0 1 0 0 0 2 1 0 0 8 2 9 0 1 0 0 1 0 0 8 1 0 2 0 0 1 0 0 1 0 0 1 44 104 53 21 0 0 1 1 1 0 1 1 0 2 0 0
0 0 0 2 0 0 2 0 0 16 0 5 0 0 0 0 0 0 0 3 0 0 0 0 0 0 0 0 1 1 0 3 28 38 27 50 0 0 0 1 0 0 2 2 0 0 0 0 0 0 0 0 0 0 0 0 0 10 1 10 0 0 1 0 0 0 0 0 0 0 2 2 0 3 0 0 0 0 0 1 69 152 97 60 1 0 5 1 2 4 1 0 1 0 0 2
1 0 0 2 0 1 3 0 2 17 8 11 0 0 0 2 0 4 0 2 0 1 0 0 3 1 0 0 0 0 1 0 48 53 30 58 2 1 0 1 0 0 1 1 0 0 2 2 2 1 1 0 0 0 3 0 1 15 1 12 0 0 0 3 0 0 1 2 0 0 5 0 1 0 0 1 3 1 2 3 54 174 116 63 0 3 1 8 2 2 3 3 0 0 0 1
8 6 1 1 1 0 3 0 1 24 5 8 0 1 1 2 5 0 2 4 1 0 1 2 2 3 1 5 2 5 1 0 39 59 20 28 0 7 2 3 0 5 0 0 1 2 1 1 0 3 0 0 1 2 0 4 0 36 3 10 0 0 1 0 2 1 5 7 0 5 4 1 6 3 2 3 7 1 0 3 59 140 105 58 0 0 1 2 4 5 2 1 0 1 2 0
5 0 3 1 0 1 1 0 0 42 1 6 0 0 3 13 3 2 4 9 3 4 3 4 10 2 5 4 0 2 1 0 103 151 35 95 4 0 3 2 1 4 4 3 0 0 0 3 0 5 3 0 0 2 2 0 0 36 0 29 1 0 4 2 3 1 2 24 1 1 4 1 3 6 0 4 0 2 2 0 141 393 187 114 1 2 1 5 5 8 8 3 1 0 0 0
1 0 0 4 0 0 2 0 0 22 6 11 0 1 0 2 2 1 2 1 0 0 1 4 2 2 0 7 4 1 4 0 60 85 29 64 0 0 0 1 1 3 1 1 0 3 2 7 0 0 3 0 0 2 0 0 3 15 4 9 0 3 1 2 5 4 2 13 2 0 4 1 1 1 4 1 2 0 0 0 66 181 84 51 2 0 0 3 4 5 0 1 1 0 0 7
1 0 0 0 0 0 0 0 0 10 3 3 1 1 0 2 3 3 0 0 0 0 1 0 1 0 9 6 2 0 0 0 51 36 15 18 0 0 0 0 0 1 1 9 0 0 0 0 5 0 0 0 0 0 0 0 3 11 2 3 5 0 1 0 0 2 0 8 0 0 0 0 1 1 1 0 0 0 0 0 21 91 60 36 0 1 2 2 1 1 5 0 0 0 2 0
0 3 0 0 5 0 0 0 1 16 3 8 2 1 0 0 0 0 1 0 0 0 6 0 8 2 0 0 0 0 3 0 28 46 25 31 0 1 0 2 0 6 2 2 0 4 2 1 1 0 1 1 0 0 0 0 0 13 8 8 0 1 0 0 0 1 2 3 0 0 0 0 0 1 0 0 2 0 1 1 53 187 61 36 3 0 0 0 2 1 0 1 1 0 0 0
3 0 0 0 1 1 2 0 0 30 4 4 1 0 0 0 1 0 1 2 0 0 2 0 6 1 0 1 0 2 3 0 44 79 38 75 0 0 2 1 2 0 1 2 0 2 0 1 0 0 1 0 0 0 0 2 2 19 3 13 0 0 1 0 0 5 0 6 0 2 5 2 1 0 0 0 0 0 4 1 74 195 90 61 1 4 1 3 1 1 2 3 0 0 1 1
0 2 0 2 0 0 2 0 0 17 2 2 0 1 2 0 0 0 1 0 1 0 2 0 8 0 3 2 1 3 0 0 54 75 18 59 0 0 0 0 0 0 2 8 0 0 0 2 0 0 0 0 2 0 2 0 3 15 2 14 1 0 1 1 2 5 3 5 0 0 2 0 4 2 1 2 0 3 0 0 79 176 85 63 2 0 0 1 3 0 0 3 0 2 0 1
20 1 3 4 2 0 0 1 0 9 2 4 0 4 0 2 3 1 8 4 0 3 0 0 237 32 72 21 57 47 109 26 46 36 22 48 0 2 3 0 3 8 3 9 0 1 3 2 9 2 14 3 2 1 1 3 2 14 7 8 2 0 5 0 2 1 0 1 0 0 2 0 50 12 18 21 2 6 10 3 31 94 51 31 0 0 0 1 0 0 4 3 0 1 0 2
3 0 2 0 0 0 2 0 0 11 5 6 0 0 0 5 0 1 1 3 0 0 5 3 4 0 3 0 1 3 0 1 25 49 14 32 0 1 0 1 0 0 1 6 0 1 1 0 3 0 0 0 1 2 0 2 0 17 15 20 0 2 3 1 5 3 1 5 0 0 0 1 0 4 2 1 0 0 0 3 62 118 60 41 0 0 0 0 6 0 1 5 0 2 1 0
0 0 0 1 0 0 0 0 0 15 3 9 2 0 0 1 0 0 0 1 2 2 0 0 2 3 2 3 1 0 2 0 49 56 22 37 0 3 0 0 0 1 4 6 0 1 0 0 0 0 0 0 0 1 0 3 2 8 1 5 0 0 0 0 4 0 1 1 0 0 0 0 0 3 1 0 4 0 0 1 66 169 81 49 0 0 0 1 3 0 1 3 1 0 0 0
0 0 0 0 1 3 0 2 3 9 0 1 2 4 2 1 0 0 0 1 0 1 3 0 1 1 0 2 1 0 0 2 20 51 18 17 1 0 2 0 0 3 0 0 0 3 1 3 0 0 0 0 0 5 0 6 1 8 0 3 0 0 2 1 0 1 0 4 0 1 4 0 0 0 0 0 12 0 3 10 36 86 44 21 0 0 0 0 0 5 0 0 2 1 0 6
0 2 0 0 0 1 0 0 0 10 2 3 0 0 0 5 1 0 1 1 0 0 2 0 3 0 1 0 0 2 5 0 29 50 10 38 0 0 0 0 0 0 0 0 0 0 0 2 0 0 0 0 4 1 0 0 1 11 0 9 0 0 2 0 0 0 0 5 0 0 4 0 2 0 3 0 0 2 0 2 57 118 67 34 0 0 0 3 1 0 2 2 0 0 0 1
0 0 0 0 0 0 2 0 0 21 3 2 0 0 2 0 0 0 1 0 0 3 0 1 1 0 3 3 0 0 0 0 65 80 35 43 0 0 0 0 0 0 0 1 0 0 1 0 1 0 0 0 0 0 0 0 2 11 4 8 0 0 0 0 1 0 0 7 0 0 0 2 0 3 0 1 0 1 0 0 46 133 61 44 0 0 0 0 0 0 0 1 2 0 0 0
3 0 0 0 0 0 0 1 0 18 2 7 1 0 0 0 1 1 1 2 0 0 1 0 3 2 1 0 0 0 0 2 79 84 36 58 1 0 0 4 1 2 2 6 0 0 0 0 0 0 0 2 0 1 0 0 5 32 30 13 1 1 0 0 3 0 2 5 0 0 7 0 1 2 0 2 0 1 0 3 49 171 96 32 0 0 0 1 0 2 0 2 0 2 0 0
1 0 0 1 0 1 1 0 6 38 2 9 0 1 0 7 1 2 3 3 0 2 0 0 3 0 1 1 1 3 2 2 82 74 33 53 0 0 0 1 4 2 4 6 0 1 1 0 0 1 0 0 1 0 0 2 1 12 5 11 1 0 0 0 1 2 3 11 0 0 1 5 4 2 1 2 0 5 3 0 89 224 121 83 2 2 1 0 5 6 3 4 0 4 0 0
1 0 0 3 0 2 4 0 0 34 3 4 1 0 6 0 1 2 3 3 0 2 1 0 0 1 0 3 0 0 3 0 84 142 56 89 1 5 5 0 5 0 7 2 1 0 0 0 1 3 0 0 2 0 3 0 0 32 6 18 2 0 0 6 2 0 5 10 0 2 0 3 1 2 0 3 2 2 0 5 146 393 190 107 2 2 0 2 4 5 2 4 2 0 0 0
1 0 0 0 0 0 0 3 1 11 2 9 0 0 0 1 1 0 0 4 0 1 0 0 2 4 0 3 0 0 2 1 47 35 19 42 0 0 1 0 1 0 0 2 0 0 1 1 6 0 0 5 0 0 0 0 0 20 5 7 0 0 1 2 0 0 0 4 0 1 1 0 3 4 1 0 1 3 0 1 41 100 44 49 0 3 2 0 0 0 3 2 0 0 0 1
0 1 0 2 1 0 1 0 1 13 9 4 1 0 0 0 0 0 1 0 0 0 0 1 0 1 1 1 2 0 2 0 25 39 16 24 0 1 1 4 1 0 2 7 0 0 0 0 0 2 0 0 0 3 0 0 2 7 6 13 0 0 0 0 0 0 0 8 0 0 0 3 1 1 0 1 0 1 0 0 47 85 55 29 1 2 0 2 0 3 1 1 0 0 0 0
0 0 0 0 1 0 2 0 4 29 3 9 3 1 12 2 6 1 5 1 1 0 3 3 6 4 2 2 0 0 1 0 110 170 42 127 0 6 2 6 1 1 3 14 0 1 2 2 1 0 0 1 0 0 1 0 1 30 3 24 2 1 4 5 1 2 3 27 0 3 5 0 2 7 0 7 0 0 1 1 175 372 223 141 4 4 0 18 1 1 3 7 2 1 1 5
0 4 2 0 0 0 6 0 2 32 5 14 4 1 3 14 0 0 6 0 1 4 0 0 4 0 1 1 1 2 5 1 145 139 55 150 1 3 7 3 5 2 0 24 1 2 5 1 0 2 2 2 2 0 1 0 2 36 7 38 0 0 3 7 0 2 0 36 0 2 0 4 4 7 3 6 1 6 2 2 222 442 269 142 1 4 2 11 9 2 10 10 1 0 2 4
1 1 0 0 0 1 1 0 3 28 6 12 1 0 0 4 0 4 1 4 0 0 4 3 0 2 6 0 7 0 2 2 80 93 36 101 1 2 3 3 2 2 7 4 2 3 3 5 0 2 0 1 0 4 0 0 2 12 3 21 0 0 1 0 3 2 1 3 0 0 4 2 0 0 3 0 4 1 0 1 117 285 143 90 2 2 0 3 1 4 1 4 0 0 0 2
1 0 0 1 3 1 1 1 2 55 11 17 10 2 2 10 6 2 14 1 0 3 7 2 10 1 3 7 0 3 2 4 175 302 67 247 0 2 1 3 1 0 2 10 0 4 7 10 1 1 1 0 0 3 9 0 2 48 2 57 0 1 2 2 0 1 7 24 0 1 22 3 6 7 0 5 6 9 0 8 171 553 246 235 8 4 3 12 5 5 2 3 0 4 5 5
0 0 0 0 0 0 0 0 0 14 0 1 0 3 2 0 0 0 0 1 0 0 1 0 9 1 4 1 1 2 1 0 44 59 26 41 0 2 1 3 1 1 3 2 0 0 0 0 3 0 0 0 0 1 0 0 3 22 4 8 0 0 1 0 0 0 0 6 0 0 7 0 0 1 2 2 1 0 1 2 103 171 109 51 1 0 2 1 3 1 3 1 0 0 0 0
0 0 0 0 1 0 0 0 0 18 3 5 0 2 0 2 0 0 0 0 0 0 0 1 5 0 3 2 1 0 0 0 56 57 27 53 0 0 0 5 3 4 0 9 0 3 0 9 0 0 1 0 0 0 0 0 0 9 3 22 0 1 0 0 0 2 0 7 0 0 0 2 0 5 1 0 1 2 0 0 89 246 92 74 2 2 0 4 0 1 3 8 0 0 0 0
2 2 0 0 0 0 0 1 1 14 7 12 0 0 0 5 2 0 2 4 1 0 0 0 6 0 0 1 1 0 0 0 22 41 15 32 0 0 2 0 2 1 2 2 0 3 0 0 0 0 0 0 0 0 0 1 0 6 11 5 0 0 2 0 0 4 0 4 0 0 0 0 1 6 0 0 0 2 0 3 39 109 43 26 1 1 0 0 0 3 4 3 0 2 3 0
2 2 0 1 0 0 0 0 1 24 4 7 1 1 0 1 3 0 1 5 0 0 3 1 2 4 0 6 0 0 0 1 52 77 36 85 1 2 3 2 1 1 2 9 0 1 2 2 0 3 1 0 0 1 0 0 4 34 2 21 0 4 0 0 0 0 1 3 0 1 8 0 2 1 4 0 0 1 0 2 117 248 150 115 0 0 7 2 3 2 0 2 0 0 2 0
0 0 1 1 5 0 0 0 4 58 1 9 1 1 5 5 3 2 3 5 0 0 2 2 6 2 1 3 1 6 5 4 195 175 61 157 0 7 3 2 0 0 12 14 0 2 5 4 2 2 0 3 0 4 0 0 1 53 7 51 0 1 0 2 3 0 2 25 2 1 4 9 5 9 0 1 4 2 0 3 296 688 387 186 4 3 1 24 5 4 3 1 0 8 1 1
2 0 2 1 0 0 0 0 0 24 11 10 0 0 2 8 0 2 0 0 2 0 2 0 0 0 0 1 1 0 2 1 50 67 25 73 1 2 0 0 1 1 1 7 0 0 4 0 3 0 0 0 0 0 0 2 2 15 4 10 1 1 0 1 2 2 2 8 0 0 3 1 4 3 0 1 0 1 4 2 69 192 87 62 0 4 1 5 3 4 5 2 1 4 2 0
2 2 0 0 0 1 0 0 0 36 2 12 0 5 4 1 0 3 0 0 1 0 1 0 2 1 4 1 0 0 0 1 71 123 26 88 3 0 2 0 0 4 3 0 0 3 1 1 0 0 0 1 0 2 0 1 0 26 3 22 0 1 0 1 0 1 1 21 0 0 7 0 3 8 0 2 0 0 0 1 111 348 196 82 5 3 0 3 0 2 8 3 0 0 0 0
1 0 0 0 0 1 1 2 1 10 7 6 0 1 2 2 1 0 1 2 3 1 0 0 6 1 0 0 0 0 2 0 55 79 15 36 0 0 0 0 3 0 0 6 0 1 1 1 2 0 0 1 0 0 2 0 3 26 2 13 2 0 0 1 0 2 0 6 0 0 1 0 1 1 0 0 0 0 1 0 75 179 79 45 0 1 0 0 2 3 4 1 0 0 0 0
2 1 0 2 0 0 4 0 3 34 11 7 0 0 2 7 0 3 1 4 2 4 2 0 1 0 1 0 1 0 0 0 97 108 34 86 0 0 1 0 0 1 0 4 0 1 0 1 0 1 2 2 3 3 0 0 2 23 0 18 0 0 3 2 1 5 0 6 0 1 2 4 2 3 1 3 0 3 1 1 125 291 162 74 0 0 0 12 3 0 4 0 0 0 0 0
2 0 2 2 2 1 0 0 0 10 4 0 1 4 2 1 0 4 0 0 0 0 5 0 0 5 1 2 0 0 0 2 37 76 16 30 4 0 0 1 1 0 1 2 4 0 0 1 0 0 0 0 0 0 1 4 2 24 1 3 0 3 0 0 0 1 0 13 0 1 0 1 2 3 0 6 0 1 0 2 91 193 88 74 0 1 2 6 2 1 1 2 0 0 4 2
17 12 4 6 4 5 3 5 2 652 11 303 12 14 12 16 2 7 7 11 5 9 8 1 18 11 26 57 6 9 14 15 2238 3739 1189 3265 0 27 5 26 11 10 17 67 0 10 9 17 8 6 2 9 0 5 3 4 3 799 6 840 4 10 9 6 4 4 1 34 4 6 8 7 13 37 0 26 7 6 2 10 4205 6669 5430 2781 9 13 3 39 12 19 12 14 2 13 3 10
0 0 4 1 1 5 0 1 3 24 6 15 2 1 2 2 0 1 1 1 0 1 5 0 4 0 0 3 1 2 2 9 63 101 45 96 4 5 2 4 1 5 1 3 0 1 0 4 2 2 0 2 0 1 0 0 4 26 6 24 0 1 0 0 2 2 2 11 0 0 11 2 6 15 1 1 2 5 2 2 104 247 144 112 3 7 0 6 2 5 3 0 0 4 0 0
0 0 0 0 0 0 2 0 0 9 0 8 0 1 0 4 0 1 1 7 2 2 0 0 0 2 0 2 0 0 0 0 49 51 14 29 0 0 0 6 0 0 0 6 0 0 2 0 0 4 0 3 0 0 0 0 0 12 4 9 0 0 1 0 0 0 0 7 0 0 0 1 0 3 1 2 2 1 1 1 68 100 67 49 0 5 0 10 1 0 2 2 2 0 1 3
5 0 0 0 1 1 0 2 0 27 1 2 1 3 1 2 0 0 0 2 0 1 4 0 10 4 0 3 0 1 0 0 62 107 32 77 0 0 1 0 0 0 3 2 0 0 4 2 0 0 0 0 0 0 0 0 0 19 5 9 0 1 2 1 0 2 1 5 0 3 1 0 1 7 0 0 2 2 2 4 73 179 115 63 2 0 0 4 3 5 2 5 2 2 2 1
3 3 0 0 0 0 1 0 0 19 2 15 0 1 1 3 1 0 0 0 0 0 0 0 4 2 0 0 0 0 3 1 38 61 20 23 1 0 0 1 1 3 2 7 0 0 2 0 5 0 0 0 0 0 0 0 1 8 1 14 0 0 1 1 0 1 1 9 1 0 1 0 5 2 0 1 0 2 1 0 56 128 83 39 1 2 0 1 3 0 7 1 2 0 2 2
0 9 0 6 0 2 5 2 4 96 5 40 2 4 8 15 10 4 2 8 4 7 9 3 10 2 7 7 0 4 6 2 397 489 155 370 1 6 0 19 11 6 4 13 0 4 13 4 3 0 0 3 2 0 0 1 5 121 18 89 3 4 4 6 6 4 9 60 0 1 4 3 4 5 0 9 7 2 3 4 693 1566 815 412 3 4 0 23 22 6 6 17 0 6 2 12
0 0 0 0 0 0 0 0 2 13 1 0 1 0 0 0 0 0 1 1 0 0 2 0 11 3 6 2 0 0 5 3 33 62 24 49 1 0 0 0 0 2 1 3 0 0 2 0 2 0 0 1 0 2 1 0 6 13 6 4 0 0 2 0 0 0 1 10 0 0 0 4 3 2 1 0 0 0 0 5 43 112 57 38 0 0 1 2 1 0 3 0 0 0 1 0
0 0 0 0 1 0 0 1 0 6 3 7 0 0 1 2 0 0 0 0 0 0 0 0 2 1 0 4 3 0 0 0 36 82 22 58 0 0 0 4 3 1 0 3 0 0 1 2 0 0 0 0 0 0 1 0 1 11 1 11 0 0 1 0 0 0 3 5 0 0 3 0 2 2 0 0 5 1 0 1 72 163 92 50 3 3 0 0 3 0 1 1 0 1 0 0
0 0 0 0 1 0 1 0 0 6 0 7 1 0 0 0 4 0 1 3 0 1 0 0 7 1 4 2 0 0 0 1 23 41 10 36 1 0 0 2 1 0 5 9 0 0 0 1 3 1 0 0 0 1 0 0 0 4 2 6 0 0 1 1 1 0 1 3 0 0 1 0 3 5 0 0 2 3 0 0 18 93 58 27 0 1 0 1 3 1 3 2 1 2 0 1
5 4 1 3 0 1 3 3 4 103 1 34 3 2 6 25 3 2 5 4 1 2 1 1 11 6 11 19 0 2 2 2 435 523 201 466 3 19 3 14 5 11 11 28 2 12 3 7 3 1 1 2 0 5 4 2 1 112 7 108 0 0 0 7 2 1 1 24 0 1 2 2 3 9 1 11 3 9 1 12 847 1613 871 511 3 14 23 36 11 18 10 24 3 14 5 10
1 0 0 1 2 0 0 0 3 16 3 4 0 0 2 0 0 5 0 2 1 0 0 0 6 2 1 1 0 0 0 2 33 46 29 53 1 0 0 0 2 6 1 4 0 2 1 2 0 1 0 0 2 0 0 0 1 13 6 5 0 3 0 0 0 0 2 4 0 0 3 0 2 1 0 3 2 2 0 5 54 122 71 63 0 5 2 1 0 2 2 2 0 0 0 0
1 2 0 0 0 0 3 0 0 15 2 0 0 2 0 3 1 0 1 0 0 0 1 0 5 0 0 3 1 0 0 2 27 45 16 29 0 0 4 0 2 4 2 4 0 0 0 0 2 0 0 0 1 0 1 0 2 13 7 7 1 2 1 0 0 0 3 8 1 0 2 2 0 4 0 1 1 2 2 0 66 139 66 31 2 0 1 1 6 2 4 1 0 0 0 0
1 0 0 0 2 0 0 0 6 25 2 5 0 2 1 0 5 2 7 8 0 0 0 0 5 3 2 3 0 7 1 0 83 115 35 103 0 0 0 4 2 0 1 6 0 0 0 2 1 0 0 0 0 2 0 0 0 29 1 24 1 2 2 0 2 0 2 10 1 0 5 2 1 1 0 3 0 2 3 0 120 296 147 109 1 1 1 1 9 0 3 6 2 1 4 4
0 0 0 0 0 0 3 1 3 16 3 3 1 0 0 1 2 2 0 1 2 0 1 1 1 0 2 1 1 0 0 0 25 61 33 38 2 1 1 1 0 0 0 0 0 0 0 1 0 0 0 0 0 0 2 0 2 10 4 22 0 0 0 0 0 0 2 2 0 0 0 4 1 1 0 0 0 0 0 0 33 119 56 41 0 0 0 0 0 3 0 1 0 0 1 3
0 2 0 3 0 1 0 2 1 63 5 10 4 0 0 7 2 3 7 4 0 1 0 0 22 1 15 5 3 4 3 5 202 233 94 229 0 5 2 5 2 2 7 10 1 1 0 1 0 0 1 0 1 1 0 4 4 53 3 64 0 0 1 6 0 0 2 11 0 2 5 0 9 11 0 4 2 5 1 5 356 790 416 247 3 8 8 16 0 3 2 8 0 0 2 5
4 1 2 2 1 4 5 1 0 59 8 12 3 5 6 5 2 1 1 2 0 4 1 0 10 1 0 1 2 6 2 4 160 211 64 166 2 3 1 5 2 0 2 7 0 2 5 0 1 2 1 2 6 1 1 1 0 78 16 34 4 0 5 2 4 3 6 26 5 1 7 2 8 4 2 6 10 4 0 4 266 695 286 161 0 0 3 4 13 6 3 3 4 1 1 0
0 0 0 0 1 0 1 0 1 28 5 13 1 0 1 3 3 2 5 6 0 0 3 0 7 0 1 1 0 1 4 4 128 213 66 123 0 0 4 3 0 4 1 2 1 0 0 5 1 0 0 3 0 1 4 0 6 46 9 19 0 0 0 0 0 2 0 16 1 0 5 4 3 2 0 3 0 0 0 0 211 549 266 136 4 1 2 1 5 1 4 1 0 1 0 3
1 0 1 0 1 2 0 0 1 26 2 9 1 1 1 5 0 1 4 1 1 0 0 0 3 4 2 1 0 0 1 2 71 122 31 96 0 1 2 11 3 3 6 3 0 1 1 4 1 0 1 2 2 0 0 1 1 39 2 17 1 0 4 0 0 1 0 7 0 1 2 4 6 6 0 3 0 3 1 2 95 300 141 98 1 8 4 7 6 1 6 5 1 3 4 3
1 2 2 0 0 0 0 0 1 26 2 11 1 1 1 3 1 0 3 1 0 0 3 0 4 0 0 5 0 0 0 1 75 114 37 80 0 1 1 1 5 0 4 4 0 1 3 2 2 0 3 1 0 0 0 0 1 15 3 21 2 0 0 0 0 0 0 6 0 0 2 1 3 4 0 4 1 1 0 2 139 252 177 99 0 3 3 7 3 1 0 1 0 0 2 0
1 1 0 0 3 0 2 0 2 37 9 12 3 4 1 9 0 0 4 4 2 0 2 1 4 2 2 2 0 3 5 3 114 142 28 96 0 1 3 3 1 2 3 5 0 1 2 6 2 0 0 0 1 1 0 6 4 32 9 15 2 0 2 2 0 2 3 22 0 1 14 1 4 1 1 0 1 1 0 2 167 353 143 100 2 4 2 5 4 1 4 3 0 0 2 0
1 8 1 0 0 0 0 1 0 4 6 9 2 3 1 1 4 0 0 4 0 1 2 0 2 3 0 2 0 0 0 3 37 40 12 25 1 0 5 1 2 0 6 2 2 1 7 0 2 0 0 6 0 1 2 0 0 8 4 7 1 2 1 1 3 2 3 1 0 0 2 1 1 3 0 5 0 4 2 1 29 112 62 25 2 0 1 2 0 2 0 4 0 0 0 3
3 2 0 0 1 0 0 0 1 30 1 8 2 5 3 4 2 0 1 4 0 1 1 0 1 5 0 1 1 0 0 0 77 109 41 58 1 0 2 0 1 0 0 3 1 1 1 3 0 0 1 0 1 0 0 0 0 30 0 28 2 0 0 3 3 0 0 2 0 1 1 1 4 2 1 5 1 1 4 1 164 428 162 88 1 0 0 13 1 1 4 1 1 3 0 0
3 5 2 4 2 1 0 1 0 20 2 7 2 0 1 4 0 2 4 1 1 2 3 0 3 0 0 1 0 0 12 2 79 133 37 58 0 2 5 1 4 2 1 4 0 5 0 3 2 3 0 1 0 1 0 4 6 35 1 13 0 0 3 4 2 2 4 15 2 1 4 0 1 9 1 0 0 1 0 4 90 308 109 65 2 2 1 6 6 2 4 6 1 1 1 3
0 0 0 0 0 0 2 0 2 6 0 0 0 1 1 2 3 0 0 0 0 0 0 0 3 2 0 2 0 0 0 3 36 63 8 22 0 0 0 1 2 3 1 2 0 0 1 1 0 1 0 0 0 0 0 0 0 13 0 1 0 0 0 2 0 0 0 7 0 0 1 1 0 0 0 1 0 0 0 0 41 126 50 19 0 0 1 2 2 0 2 0 1 0 0 0
2 1 0 1 0 1 0 2 1 13 2 7 3 0 0 2 0 0 0 5 0 0 0 0 5 0 3 5 0 0 2 1 52 64 12 32 0 0 0 3 1 0 1 3 2 0 6 2 2 0 0 1 0 1 0 0 1 13 2 7 0 1 0 0 0 1 0 10 0 3 3 0 4 7 1 6 4 3 0 3 63 190 77 38 0 2 0 4 0 0 0 3 1 2 1 1
2 0 0 0 0 0 0 0 0 15 0 3 0 0 0 0 0 0 0 0 0 0 2 0 2 1 1 1 0 0 3 0 58 48 13 37 0 0 0 6 0 1 1 1 0 0 0 0 0 0 0 0 1 0 1 0 1 14 1 9 2 0 4 1 1 0 0 4 0 0 0 1 0 2 0 0 0 0 0 3 45 133 68 48 0 3 0 4 1 1 2 2 0 3 0 0
0 0 5 0 0 0 1 0 0 18 1 3 1 0 1 3 1 0 3 0 0 1 2 1 0 1 0 1 0 0 0 0 40 53 19 25 0 0 0 0 1 0 1 0 0 0 2 0 0 0 0 0 0 0 3 4 0 11 2 5 0 0 0 0 0 0 1 1 0 0 0 0 0 4 0 7 0 0 0 1 68 160 74 34 0 0 0 3 0 2 0 0 0 0 0 0
0 2 0 0 0 0 0 0 1 9 1 8 0 1 1 4 3 0 1 0 0 2 2 0 7 3 0 0 0 0 4 0 29 71 13 53 0 0 0 1 0 0 2 4 1 0 0 0 0 1 0 0 0 0 0 0 1 9 1 9 2 0 2 2 3 0 1 9 0 0 2 0 0 4 2 0 0 1 0 1 75 139 54 35 1 3 1 2 3 1 1 7 0 0 0 0
1 0 0 1 0 1 1 0 2 15 1 10 3 0 1 6 3 4 5 5 0 0 3 1 2 4 0 2 2 0 2 0 60 61 30 37 0 2 0 3 0 5 0 9 0 0 0 3 0 1 0 0 0 1 0 1 2 13 0 4 0 0 0 2 10 4 3 19 0 2 1 1 3 5 1 5 0 1 0 2 70 167 79 53 0 1 4 3 4 6 0 2 0 1 0 1
1 1 1 0 0 1 0 0 3 30 2 20 3 0 2 10 0 1 1 2 5 0 0 5 2 1 0 0 0 1 0 3 110 114 36 63 0 0 1 0 3 3 1 17 0 1 0 1 1 1 0 0 0 0 2 0 1 19 4 20 1 0 4 0 0 1 2 7 2 0 5 6 5 0 1 1 1 3 0 2 160 335 106 88 4 0 4 8 10 2 3 4 0 2 3 0
2 2 0 0 0 0 0 1 4 36 4 2 0 1 2 5 2 0 3 1 0 0 4 0 0 6 0 2 0 0 1 0 75 94 38 87 3 4 0 2 3 2 1 4 0 0 2 0 0 0 0 0 0 0 0 0 0 22 6 13 0 0 2 0 2 3 0 12 0 0 0 0 1 2 1 3 0 1 2 1 107 242 96 85 1 1 1 3 0 0 5 3 0 0 0 1
2 0 0 2 1 1 2 1 0 22 0 8 0 1 4 3 0 0 0 0 1 0 4 0 0 0 0 0 0 0 0 0 46 66 28 52 1 0 0 1 0 1 2 1 0 0 0 0 1 0 1 0 0 0 0 0 4 22 2 3 0 0 0 0 0 0 1 13 0 0 5 1 0 2 0 1 0 1 0 0 63 219 87 58 0 0 0 0 4 0 4 2 0 0 1 1
1 0 0 2 1 0 0 1 0 36 2 11 0 1 0 2 2 0 11 2 2 0 0 0 4 0 0 3 0 2 0 1 90 120 36 90 0 2 0 4 1 0 5 4 0 1 0 7 0 1 0 0 0 0 0 0 0 27 2 18 0 0 1 3 0 0 0 6 0 2 0 0 3 0 1 2 2 0 1 1 109 272 131 89 0 3 2 2 0 12 3 2 1 2 0 1
0 1 1 1 3 0 0 0 0 21 0 4 2 3 1 8 0 2 2 5 0 0 0 3 1 2 0 2 0 0 0 0 50 82 28 41 2 1 1 1 3 1 6 6 0 2 2 2 0 0 0 1 0 0 0 2 0 31 2 3 0 0 1 2 0 0 0 16 0 3 4 0 3 3 0 0 1 3 1 0 75 211 121 51 5 2 0 9 3 4 3 5 0 2 2 9
0 0 0 0 1 2 1 0 0 47 4 17 4 4 0 3 0 2 8 0 2 1 5 0 1 0 2 4 3 3 1 1 183 209 46 180 6 1 0 0 0 4 3 6 0 0 0 2 0 0 0 1 0 0 0 0 1 27 6 34 0 1 4 0 0 2 0 17 0 2 1 1 2 4 0 4 1 7 2 4 248 524 275 168 6 4 4 4 7 0 8 3 2 2 0 2
1 0 0 0 2 0 3 0 0 19 3 3 1 1 0 6 0 2 0 0 0 1 0 1 1 0 0 0 0 2 1 0 30 70 33 48 0 0 3 0 0 0 3 2 0 1 0 0 0 0 0 1 0 0 0 0 0 15 1 12 0 0 1 0 0 0 0 5 0 0 1 1 2 2 0 0 1 3 0 0 57 191 80 35 1 0 0 4 1 0 3 0 0 0 2 2
0 1 2 0 0 0 2 1 1 17 2 2 0 4 1 3 1 2 0 3 1 0 0 1 0 1 0 1 0 0 0 0 45 58 22 35 1 5 2 0 0 2 1 1 1 3 1 1 0 0 0 0 0 0 0 1 0 24 1 7 0 0 0 1 1 3 1 7 0 0 3 2 4 5 0 2 0 2 0 0 74 209 94 21 0 2 1 3 4 0 2 3 1 1 1 4
2 0 0 2 0 0 1 6 0 30 0 2 0 5 2 2 0 2 2 2 0 0 1 1 0 1 0 1 0 0 3 0 56 111 33 93 0 0 0 0 0 0 0 3 0 0 0 0 0 0 1 0 0 0 3 0 1 27 3 24 0 0 0 0 0 2 0 9 0 0 1 0 0 5 2 5 1 0 0 2 154 322 144 76 1 2 0 0 3 2 2 3 1 2 1 0
1 0 0 0 1 0 0 0 0 11 3 2 0 0 2 3 1 0 1 0 0 0 0 0 1 0 1 0 0 0 0 0 26 60 9 34 0 3 2 1 0 0 0 3 0 0 1 0 0 0 0 1 1 0 0 0 0 18 4 14 0 0 1 2 0 0 0 4 1 0 0 0 0 0 2 0 0 0 0 3 34 101 47 32 0 0 0 1 4 1 3 0 0 1 0 0
6 4 3 2 0 4 1 2 88 639 66 292 12 21 11 19 43 35 53 36 4 4 9 9 19 8 4 16 1 5 10 1 449 979 150 720 3 11 7 25 38 41 58 52 3 7 9 13 3 8 3 5 2 6 7 2 161 762 71 494 2 11 7 8 101 64 104 224 2 3 16 11 4 14 0 8 0 3 3 7 544 2029 613 710 4 19 5 37 46 49 49 64 8 3 1 20
0 0 0 0 0 0 0 1 0 9 3 0 4 4 0 2 0 0 0 4 0 0 2 0 0 0 0 0 0 0 0 1 37 51 8 31 0 1 2 0 1 0 2 1 0 1 2 1 0 0 0 0 0 0 0 0 0 16 5 6 0 1 1 0 1 0 0 3 1 0 1 0 2 1 2 4 0 0 2 1 36 117 36 33 2 1 0 2 3 0 0 3 0 0 2 0
7 14 0 3 4 20 3 18 7 131 16 14 23 18 8 12 19 13 22 15 10 7 6 4 8 8 5 14 2 6 5 26 222 422 135 149 3 3 1 5 9 8 11 17 1 14 20 37 3 7 0 12 10 55 5 18 17 170 175 39 5 9 1 5 19 45 5 20 4 9 7 20 10 16 1 8 13 37 8 48 130 1118 216 204 10 6 1 14 6 23 4 9 6 17 14 15
0 0 0 0 2 2 0 0 0 25 0 17 0 0 0 0 0 1 0 4 0 0 4 0 7 0 0 1 0 0 3 0 85 145 31 82 0 2 1 0 1 2 0 1 0 0 0 0 0 0 2 2 1 0 1 0 0 32 2 17 0 0 0 0 3 3 3 16 2 0 2 1 0 2 5 5 4 2 0 0 109 313 130 106 2 0 0 0 2 7 4 2 0 1 2 0
0 0 0 1 0 0 0 0 2 10 8 9 0 0 0 1 5 0 1 2 0 0 1 1 0 0 0 0 0 0 3 0 29 65 7 25 0 0 0 0 2 4 3 3 0 0 1 0 0 3 0 7 0 4 0 0 5 20 6 7 2 0 5 0 2 3 3 1 0 1 2 0 0 2 1 2 0 0 1 0 63 191 82 49 1 0 0 2 2 4 4 1 2 2 0 0
2 4 0 1 0 1 0 1 0 63 5 9 2 0 2 2 0 0 2 3 2 4 2 0 0 1 0 6 0 0 2 2 205 234 63 171 0 2 6 8 0 3 2 10 0 0 3 4 0 2 0 1 0 1 0 0 1 57 1 36 1 1 3 2 0 1 1 3 1 2 3 6 0 6 1 7 2 2 0 1 316 566 359 149 2 4 1 6 5 7 5 3 2 5 5 3
0 1 0 0 0 0 2 1 0 15 0 3 0 0 1 4 0 0 1 0 2 2 1 0 0 0 0 3 0 0 1 0 39 38 21 30 0 0 2 3 0 4 1 0 0 0 4 2 0 0 0 0 0 0 0 0 0 7 3 5 0 0 0 1 1 1 0 3 0 0 0 0 4 6 0 2 0 2 2 1 34 149 42 29 1 3 0 4 2 2 1 1 0 0 0 1
1 0 0 6 0 0 0 1 2 11 6 9 0 0 3 0 1 1 2 0 0 4 0 0 1 0 0 0 1 1 5 0 49 54 17 45 0 0 0 0 0 10 0 3 0 0 0 0 2 0 0 2 0 1 0 2 0 13 2 12 0 0 0 0 0 0 0 1 0 0 3 0 0 1 1 1 0 1 1 1 69 134 83 49 0 1 2 1 1 1 1 5 0 0 0 0
0 0 0 2 1 0 0 2 2 36 2 4 2 1 1 4 1 0 3 1 0 0 1 0 4 0 5 0 0 0 2 0 88 71 29 63 1 0 4 5 4 1 0 7 0 0 3 2 0 1 0 2 0 0 0 0 4 27 2 8 0 0 0 1 0 0 1 10 0 2 0 0 3 1 1 1 0 0 5 4 67 198 80 62 1 0 0 5 5 3 1 0 2 3 0 5
0 0 1 1 1 0 0 0 0 22 3 11 1 3 1 11 1 6 1 3 2 0 1 1 1 4 4 2 0 1 0 2 87 136 35 91 2 0 4 4 2 3 0 7 1 0 2 3 0 1 0 2 0 0 6 0 1 33 0 21 4 0 4 0 0 0 1 16 0 0 2 0 2 3 0 0 0 0 7 5 104 311 126 93 2 4 2 6 4 8 3 6 1 5 1 0
4 2 4 1 0 0 4 1 0 32 4 7 0 1 3 5 1 3 1 1 2 3 4 3 1 2 3 4 0 1 3 0 85 108 18 60 0 1 1 1 1 1 3 7 0 0 1 2 2 0 0 0 0 0 2 0 1 16 4 14 0 1 1 2 0 2 1 23 2 0 7 1 2 5 2 5 0 3 5 3 91 274 118 69 1 2 1 6 1 3 3 3 1 2 2 1
0 1 2 3 4 1 0 3 5 31 8 10 2 5 3 4 2 0 4 3 1 1 2 0 8 3 0 8 0 3 2 5 90 134 43 67 0 9 1 4 4 2 8 12 2 1 1 9 1 0 1 1 1 2 0 0 1 54 3 24 3 1 0 2 1 1 0 6 0 0 4 2 0 4 2 5 1 4 1 7 115 303 120 86 1 5 1 14 6 4 5 4 3 5 3 2
0 4 1 0 0 0 0 0 1 15 1 1 1 2 1 9 0 0 3 4 0 1 0 0 2 2 1 0 4 0 0 2 77 58 25 42 0 0 2 3 3 1 3 3 0 2 0 2 0 4 0 0 0 1 3 0 0 20 1 12 2 2 1 2 1 0 0 6 0 0 0 2 3 3 1 1 0 1 0 2 89 174 112 71 2 4 1 8 1 9 3 0 0 0 1 1
0 0 0 0 0 0 0 0 0 7 2 7 0 0 1 0 0 2 2 8 0 4 1 4 2 4 1 3 0 1 0 0 55 53 19 50 2 3 0 0 3 0 3 4 0 2 0 4 1 0 1 0 0 0 1 0 0 26 3 17 4 4 1 0 0 2 1 13 0 0 3 0 0 9 0 4 3 0 0 1 49 170 65 55 1 0 0 0 1 4 1 4 0 0 2 0
0 0 2 0 2 2 0 0 5 31 7 12 2 0 3 2 2 2 1 5 0 3 5 3 7 8 1 2 0 0 1 1 99 144 51 97 0 0 0 4 2 2 8 4 0 0 9 1 0 1 2 3 0 2 0 0 7 51 5 21 1 3 3 2 6 1 1 19 0 0 8 3 1 5 2 1 1 1 0 1 145 408 181 98 2 1 0 3 3 4 2 1 1 1 0 4
3 2 0 0 0 1 1 1 4 54 8 18 2 1 0 5 6 0 5 4 0 2 3 0 4 1 3 1 1 0 3 1 155 225 65 153 0 1 2 3 2 4 4 18 0 2 6 3 4 1 0 3 0 0 1 1 2 64 11 30 4 1 9 3 1 3 0 30 0 1 7 0 2 14 0 3 0 2 4 1 320 733 291 164 3 2 1 14 7 5 9 8 0 2 1 2
2 6 0 0 0 2 0 1 4 63 2 13 3 2 3 1 2 3 2 7 2 3 2 0 9 3 1 1 2 0 0 4 189 273 68 200 0 1 2 1 0 3 2 4 0 2 4 2 3 1 0 1 1 1 2 3 6 79 0 49 3 2 1 2 2 2 2 10 3 0 3 3 1 4 1 4 0 0 0 2 372 794 373 216 2 4 2 7 2 5 4 5 1 1 0 3
0 0 0 2 0 4 1 2 1 45 0 17 7 1 7 4 2 2 2 5 0 1 0 0 2 2 0 2 0 0 3 0 149 194 88 190 2 1 2 1 3 4 5 8 2 0 1 1 0 1 1 1 0 0 2 0 6 36 3 22 0 1 3 0 1 0 0 14 0 0 5 3 12 12 3 2 0 0 0 1 165 537 210 162 4 0 3 6 5 3 3 3 2 1 3 1
3 0 0 3 1 0 1 3 2 20 6 5 3 3 2 16 1 0 2 3 2 0 2 0 0 0 0 3 1 0 4 1 97 121 52 72 1 1 0 2 1 4 0 6 0 0 0 3 0 0 0 3 2 1 0 0 1 49 2 17 3 1 1 4 0 1 2 23 2 0 6 2 8 6 2 1 1 5 0 1 84 292 103 81 1 2 0 5 9 4 5 5 1 2 1 3
1 1 3 0 5 1 2 3 2 19 3 11 2 1 7 7 1 2 6 3 4 3 0 2 5 1 0 4 0 2 2 1 70 104 42 57 0 0 3 0 2 5 8 4 2 3 2 3 1 3 0 2 0 0 0 2 7 27 1 10 2 3 0 4 4 2 1 21 0 1 6 1 1 17 3 7 3 3 1 2 82 278 107 87 4 2 3 15 3 5 4 2 1 7 5 3
1 0 0 0 0 1 0 0 0 6 0 3 1 1 0 0 0 0 2 0 0 0 0 0 2 0 0 1 0 2 0 2 45 40 20 50 0 1 0 0 0 0 2 1 0 0 1 2 0 0 0 0 0 0 3 1 0 19 7 11 0 1 1 0 0 0 1 6 0 0 3 0 1 4 0 1 0 2 0 3 88 160 81 46 0 1 0 1 1 4 3 0 0 0 0 0
1 0 1 0 4 2 0 0 2 34 6 9 0 0 2 4 1 0 3 0 0 0 0 0 6 1 1 1 0 1 2 0 68 107 40 85 0 4 1 3 2 2 2 4 0 4 0 0 3 0 1 0 1 0 0 0 1 25 10 18 0 0 0 0 2 0 1 12 0 0 1 0 3 3 0 0 6 0 4 0 91 292 123 91 1 3 0 12 2 7 3 3 0 2 2 3
3 0 0 3 0 0 0 0 4 42 5 24 2 3 5 11 1 3 4 8 0 1 10 1 3 1 3 6 0 1 0 1 225 350 91 281 2 8 8 14 7 4 9 20 1 7 8 20 3 2 0 0 0 1 0 3 1 49 2 59 0 3 1 13 1 1 0 16 0 1 15 5 2 7 1 5 3 4 1 8 467 831 435 267 7 15 8 71 18 6 10 18 6 8 8 14
0 0 0 0 0 1 0 1 27 87 5 42 2 5 5 1 4 3 1 2 1 2 4 0 6 1 1 2 1 3 0 0 111 192 48 116 0 0 0 1 1 3 2 4 2 1 0 0 2 2 1 0 1 1 3 0 6 36 4 22 0 0 0 0 1 2 1 8 0 0 2 2 2 5 1 3 0 2 1 4 139 319 117 119 0 3 0 6 7 2 1 3 0 1 0 4
0 0 0 0 2 0 0 2 4 42 0 12 0 2 1 0 2 0 1 0 0 2 0 1 7 2 5 5 0 0 4 3 117 165 43 114 0 4 3 2 0 1 3 7 0 1 3 6 0 1 0 2 1 2 0 0 1 28 13 15 0 2 0 0 2 0 3 12 0 3 0 1 5 8 3 3 1 5 0 2 128 319 152 119 1 3 1 8 5 3 2 7 0 2 1 6
1 0 1 0 0 0 0 0 1 9 11 9 0 0 0 3 0 1 1 1 0 0 0 0 4 1 0 3 0 0 0 3 36 48 30 34 0 0 0 0 0 4 0 0 2 0 1 3 0 0 1 3 0 0 3 1 0 15 3 13 0 0 1 2 1 0 1 11 0 0 0 0 1 0 0 2 1 0 0 3 42 134 44 43 0 0 1 4 0 0 0 0 0 0 0 1
1 1 0 2 1 0 1 2 2 9 2 2 1 0 5 6 2 2 0 2 0 0 1 0 3 2 3 2 1 1 2 0 65 84 31 47 0 0 0 1 5 1 1 4 1 2 0 1 1 0 0 0 0 0 0 0 3 25 2 5 0 1 2 0 0 0 0 14 0 0 0 0 0 8 2 1 0 0 0 0 71 236 64 49 2 3 2 0 4 2 5 1 2 3 0 1
0 1 0 0 0 0 1 0 2 26 2 7 5 3 3 7 2 0 3 1 2 4 2 2 0 2 0 2 0 0 0 0 75 77 29 42 1 6 0 2 0 0 3 7 0 0 0 1 0 0 0 0 0 0 0 0 1 28 3 16 1 1 1 0 1 2 1 6 0 2 1 2 0 0 1 0 0 1 0 2 109 300 121 56 0 3 1 6 0 4 1 6 2 1 1 3
3 1 2 1 0 1 2 1 1 37 4 16 4 2 0 2 3 0 3 7 0 2 1 1 3 2 8 6 2 1 0 1 107 156 65 100 1 5 2 2 1 8 3 9 0 0 0 0 0 1 3 3 0 0 0 0 7 39 1 18 3 0 1 0 1 1 1 17 0 1 3 3 2 7 5 5 1 4 4 2 122 325 173 78 3 5 6 5 8 5 4 9 0 2 1 0
0 0 0 0 0 0 2 0 1 7 2 8 0 1 0 3 4 0 0 0 0 0 0 1 3 2 2 0 0 0 1 0 28 46 28 24 0 0 1 0 0 0 0 1 0 0 0 0 0 0 0 0 0 0 0 1 1 11 2 4 0 2 0 0 1 0 1 1 0 0 0 0 0 5 0 0 3 3 0 1 67 163 79 38 0 0 0 0 0 2 0 2 0 0 0 0
2 1 0 0 0 1 3 0 0 14 2 2 9 0 1 3 0 0 1 0 2 0 0 1 2 1 2 1 0 0 0 1 46 70 26 43 0 2 1 0 2 0 3 4 2 0 0 1 0 4 0 1 0 2 0 0 2 16 3 13 1 0 0 1 0 0 0 4 0 0 0 0 2 0 0 3 0 4 0 0 82 172 82 54 1 0 0 1 0 1 2 1 6 1 1 0
0 3 0 1 1 0 1 1 1 8 3 3 0 0 1 1 0 0 0 1 0 0 2 0 3 0 0 3 0 0 0 0 33 30 17 23 3 0 1 2 0 0 3 1 0 0 0 4 0 0 0 2 0 0 2 1 1 20 0 8 0 0 4 1 0 2 0 4 0 0 3 2 0 1 0 2 0 2 0 3 32 94 59 32 0 0 0 2 0 0 1 1 0 2 0 1
0 0 1 0 2 2 2 0 0 13 1 1 0 0 3 0 1 0 8 4 0 0 0 0 1 0 1 0 0 0 0 0 35 29 14 19 0 0 1 2 0 1 1 2 0 0 1 0 0 0 0 0 0 0 0 0 0 9 2 3 0 0 0 0 2 0 0 0 0 0 1 0 1 0 0 0 0 0 3 0 48 117 62 24 0 0 0 0 3 0 2 0 0 0 0 2
0 0 0 0 0 0 0 0 0 3 2 2 0 0 1 1 0 2 0 3 0 0 3 0 0 0 0 0 0 0 0 0 30 47 17 28 0 0 1 4 0 0 1 3 0 0 0 1 0 0 0 0 0 0 0 0 0 10 3 2 1 0 0 0 0 0 0 2 0 0 0 1 1 0 0 2 0 0 0 1 27 103 65 38 0 2 2 1 4 1 0 1 0 1 0 0
1 0 2 3 1 1 2 2 4 32 2 13 6 3 4 7 4 4 11 0 1 1 5 2 7 2 0 3 1 0 1 3 141 153 41 108 2 2 1 5 11 4 5 9 0 6 1 1 0 2 0 0 1 2 1 0 2 30 4 25 1 0 0 3 6 3 1 16 1 0 10 5 9 16 1 6 1 1 1 3 247 488 211 117 2 6 1 14 7 5 5 13 2 3 0 2
1 1 1 0 0 3 1 0 5 21 3 3 1 0 6 6 4 7 2 1 0 2 4 0 3 3 2 4 0 0 1 2 47 98 21 53 0 0 1 0 2 1 0 6 2 0 3 1 4 0 1 1 2 0 0 1 0 22 9 7 4 1 0 2 1 0 2 16 0 0 0 0 0 2 0 1 3 1 0 0 79 192 69 84 1 6 2 3 4 0 2 8 0 0 4 1
2 1 0 0 0 0 2 1 6 34 0 10 2 0 1 5 0 0 0 2 0 1 2 7 2 3 2 1 2 0 1 0 90 120 28 69 0 2 0 3 1 5 3 6 0 1 2 6 0 0 0 2 0 1 1 0 1 39 5 19 0 0 0 4 0 0 0 16 0 2 10 4 1 6 1 1 2 2 2 3 119 306 153 82 2 0 2 14 2 3 3 4 1 0 0 4
0 1 0 2 0 0 1 0 0 22 3 4 0 0 0 3 0 0 0 0 1 0 1 0 3 0 1 7 0 0 1 0 51 139 69 70 0 2 1 5 1 1 1 2 1 0 0 1 2 0 0 0 0 0 0 1 0 28 3 12 0 0 0 1 0 2 0 14 0 0 0 1 7 4 0 2 0 1 2 2 17 107 83 75 0 0 3 5 0 0 2 2 0 2 1 2
1 1 0 1 1 3 0 1 1 10 2 3 3 2 2 1 4 1 3 0 0 1 0 1 2 0 0 1 0 0 1 2 22 46 19 34 0 1 0 0 1 0 1 1 0 0 2 0 4 0 1 0 0 3 1 1 1 13 4 4 1 0 0 0 2 2 2 13 1 0 1 2 3 5 0 1 1 1 1 5 15 94 46 33 2 3 1 0 3 1 1 0 0 2 0 2
3 2 0 0 2 0 0 0 4 43 6 13 7 1 2 7 3 2 1 0 1 0 3 2 4 2 0 2 1 2 5 0 71 154 59 67 0 4 4 5 0 2 1 4 1 0 0 0 4 0 0 0 0 2 2 1 4 40 5 12 2 0 2 2 2 4 2 13 2 0 2 0 5 9 1 6 7 8 3 15 43 185 77 104 1 2 2 0 0 1 0 1 0 2 1 0
3 5 1 2 0 0 2 0 2 23 1 5 2 1 3 3 0 1 1 1 0 1 1 4 2 4 2 4 0 0 2 2 74 176 60 71 1 3 1 8 0 1 0 3 0 0 1 1 2 3 0 3 0 1 0 2 1 53 3 15 1 0 0 1 0 3 2 10 1 0 3 2 7 6 1 4 1 3 4 4 51 236 162 119 0 1 0 6 0 1 5 1 1 4 0 4
2 1 1 5 1 2 0 3 2 34 7 9 4 4 2 4 1 0 0 2 1 0 2 1 3 2 2 2 0 0 0 1 65 170 36 67 1 4 1 1 2 6 1 4 0 0 0 0 2 1 1 2 0 0 1 1 2 39 10 17 2 1 4 3 3 1 2 9 1 0 5 0 1 7 0 4 0 2 0 6 36 243 85 78 0 0 1 5 2 2 1 1 2 4 0 2
37 0 1 6 1 0 1 0 1 12 4 4 1 1 1 3 1 1 0 1 0 0 0 1 132 2 0 5 0 0 1 0 22 30 12 32 0 1 0 1 0 0 1 2 0 0 0 1 44 7 0 13 0 0 2 0 1 10 2 2 1 1 0 0 1 1 1 2 0 0 0 0 24 5 2 5 1 1 0 0 13 48 18 31 1 0 2 0 1 1 0 2 1 2 1 0
