30 96
2 0 2 2 0 1 1 0 10 23 143 8 1 18 0 1 17 9 27 6 2 0 2 0 11 16 3 48 0 2 1 0 14 11 145 8 1 2 4 0 6 13 48 12 1 5 3 10 2 7 1 18 2 2 0 1 49 73 179 50 1 1 0 1 38 36 38 17 0 1 4 1 0 8 0 4 1 0 0 1 7 24 64 4 1 4 0 1 17 15 30 4 0 0 4 3
1 1 2 2 0 2 1 1 24 35 222 25 8 20 0 3 19 13 46 9 2 4 2 0 9 29 10 86 0 0 2 0 26 17 219 9 3 10 6 2 10 23 58 9 2 7 6 6 2 6 0 10 2 8 0 3 75 110 294 77 3 3 0 1 64 51 58 37 0 1 4 2 4 12 4 5 1 0 0 1 11 28 97 8 1 4 7 1 27 27 28 13 0 1 2 1
2 0 2 2 0 0 1 1 9 6 111 11 4 13 0 1 11 8 21 7 0 0 2 0 6 16 3 37 0 0 2 0 16 6 133 6 1 1 3 0 5 10 39 8 5 3 7 1 1 0 2 9 2 8 0 1 37 53 167 38 0 1 0 1 41 45 32 17 0 0 4 1 0 5 2 4 1 0 0 1 7 17 44 6 1 1 0 0 13 8 13 4 0 0 1 3
4 0 2 1 0 0 1 0 12 10 205 6 8 19 0 7 21 7 34 4 0 0 2 0 7 31 3 48 0 0 3 0 12 17 215 9 1 7 2 0 4 22 63 4 1 6 8 2 2 4 2 9 2 10 0 1 48 85 258 58 1 1 0 1 43 42 59 25 0 1 4 3 0 12 0 3 1 0 0 1 9 30 89 6 3 1 0 1 25 16 25 13 0 0 1 0
1 0 0 0 0 0 0 0 11 1 100 13 0 0 1 1 6 2 8 4 0 0 0 0 7 9 4 13 0 0 1 0 9 3 70 12 0 10 1 3 1 11 11 4 0 0 12 0 2 2 2 2 0 2 0 2 19 53 83 22 0 1 0 0 17 11 10 8 0 0 0 0 2 1 0 1 0 1 0 0 2 7 44 2 0 0 0 0 7 10 11 1 0 0 2 1
1 0 0 0 0 2 0 0 10 5 115 9 0 1 1 0 9 2 13 2 0 1 2 2 6 13 7 33 1 0 1 0 4 7 88 12 1 9 0 1 6 10 26 4 1 0 11 2 2 8 3 14 0 4 0 0 24 67 131 20 0 1 0 5 19 19 7 11 0 2 1 0 0 3 0 7 0 0 1 0 2 6 57 5 0 2 0 0 13 8 4 0 0 0 2 4
2 0 0 3 0 0 0 0 13 7 239 8 5 5 0 7 2 3 7 4 0 0 0 0 2 7 4 24 0 1 0 0 8 10 234 2 0 0 1 2 1 5 12 4 0 0 2 1 2 7 1 3 0 0 0 0 22 31 233 19 2 8 0 0 14 15 12 5 0 2 0 0 5 4 6 4 0 0 0 0 3 21 113 1 0 0 0 0 6 9 13 3 0 0 0 1
2 0 0 3 1 3 0 8 19 17 276 18 5 5 0 9 7 9 24 5 1 0 0 2 5 8 8 29 0 1 0 1 18 12 334 9 0 1 0 3 9 27 29 6 0 4 2 4 3 2 1 6 0 0 1 0 36 64 285 40 2 9 1 1 37 29 22 26 0 2 1 2 5 5 1 3 1 2 1 2 6 18 128 5 0 1 0 0 8 14 14 9 0 0 0 2
0 1 0 2 0 1 0 4 37 15 275 15 0 4 1 4 18 12 43 3 1 3 3 0 9 30 13 43 0 0 0 0 16 12 220 12 0 3 0 0 15 17 57 5 0 5 12 14 3 5 1 9 2 4 1 3 73 74 270 55 0 4 0 2 32 15 31 20 0 0 0 7 1 4 1 9 0 1 0 1 10 20 135 7 2 0 0 0 24 11 16 3 0 0 2 5
1 1 0 2 0 1 0 4 35 13 278 15 0 4 1 5 13 7 46 4 1 3 3 0 8 22 9 47 0 0 0 0 16 12 230 9 0 3 1 0 16 19 47 10 0 6 11 8 3 5 1 10 2 4 1 5 69 86 282 53 0 4 0 2 29 15 29 17 0 0 0 9 1 4 3 9 1 0 0 0 8 20 135 7 0 0 0 0 16 9 16 1 0 0 2 5
0 3 0 6 0 0 0 4 31 17 265 17 2 5 1 3 15 15 42 6 1 5 3 0 13 20 14 42 0 1 0 0 12 18 217 7 0 4 1 0 10 25 62 12 0 16 15 9 2 7 1 16 4 3 2 2 60 73 275 45 0 2 0 2 37 21 37 17 0 2 0 7 1 4 1 6 0 0 0 1 7 16 145 5 0 0 0 1 17 6 23 2 0 0 0 2
2 0 0 2 0 5 0 0 14 9 66 7 0 2 1 2 3 6 9 0 0 1 0 0 2 20 11 17 0 0 0 0 10 7 49 6 0 0 1 0 4 4 32 4 0 7 1 4 0 8 4 8 0 2 0 0 19 58 102 26 0 1 0 1 6 8 14 4 0 0 0 0 5 5 3 6 0 1 0 3 4 10 22 5 0 0 0 0 4 5 8 5 0 0 0 0
22 21 12 13 4 2 2 2 7 8 13 9 4 3 5 1 4 10 5 1 0 1 0 0 30 47 19 71 1 2 9 2 18 4 20 16 3 6 17 5 4 8 5 5 0 1 0 4 6 23 12 14 5 6 5 4 21 12 31 15 3 3 11 3 6 2 11 2 0 0 8 2 17 35 24 35 1 12 2 3 11 2 13 15 1 5 3 3 1 2 6 1 0 2 0 2
5 11 0 5 3 1 1 10 18 19 141 10 2 7 0 12 16 14 19 8 1 3 0 3 21 39 32 52 2 2 0 0 18 33 139 21 1 6 8 9 12 11 52 8 1 5 4 15 17 10 6 20 3 12 3 2 65 104 294 69 4 4 4 3 21 22 26 11 0 5 1 3 2 8 5 11 6 0 0 4 14 10 52 11 2 0 1 1 10 7 28 4 1 2 2 8
5 11 3 7 6 4 4 5 5 6 17 2 0 0 3 1 6 6 13 7 2 4 1 0 13 4 3 7 13 4 1 2 2 7 12 1 4 6 5 2 4 7 4 4 1 0 6 3 7 10 0 9 0 1 2 7 12 7 12 6 0 2 6 0 3 4 2 4 4 0 3 1 0 7 0 8 6 8 2 8 6 2 5 4 0 1 1 0 1 1 2 3 2 1 3 6
1 0 0 2 0 0 0 2 15 5 222 2 0 0 2 2 3 2 10 4 0 0 0 1 4 8 5 9 0 0 0 0 7 9 244 8 0 1 0 0 1 5 15 13 0 1 1 3 1 6 2 5 0 2 0 1 20 33 201 17 0 1 1 1 9 9 10 10 0 0 2 0 4 4 0 4 0 0 0 0 6 6 106 1 0 0 0 0 5 5 9 2 0 0 1 0
5 2 7 6 1 2 1 4 16 9 23 18 0 0 1 1 0 0 0 1 3 0 0 1 5 5 0 7 0 0 0 0 24 5 20 8 0 0 2 2 0 3 0 4 0 0 0 0 15 9 1 3 5 4 1 0 8 15 15 8 1 0 0 1 3 2 0 0 0 5 1 0 8 8 0 14 4 3 0 2 28 29 19 24 2 1 0 5 0 4 1 4 0 1 0 0
36 27 12 19 13 4 3 11 77 64 90 68 3 6 10 3 3 4 7 1 3 1 0 0 81 30 14 42 16 6 0 9 149 95 123 108 3 1 10 3 0 10 11 8 0 0 0 0 56 39 10 38 21 21 0 10 78 122 80 93 11 8 8 2 0 3 7 1 0 0 3 3 74 49 14 36 21 21 4 10 159 208 155 130 3 10 10 2 0 13 1 9 0 0 0 0
2 0 2 2 6 1 1 0 24 28 236 14 4 14 0 1 20 12 40 6 2 0 2 0 10 29 7 80 0 3 5 0 23 20 229 18 0 4 2 1 6 13 56 12 2 3 9 8 1 8 1 27 1 7 0 3 62 88 285 50 1 4 0 1 33 35 46 20 0 1 6 2 0 7 0 8 3 0 0 1 12 20 100 5 1 1 2 1 19 12 34 6 0 1 1 3
5 6 0 6 1 2 0 1 11 17 88 18 12 10 11 28 44 29 101 18 3 16 7 24 9 34 9 54 2 0 0 1 1 10 77 13 3 10 12 4 41 25 107 48 3 25 14 24 6 4 2 12 1 8 0 2 32 75 148 41 8 15 8 5 109 46 104 40 6 6 1 14 6 1 3 9 3 5 0 6 7 11 36 4 6 11 4 10 18 8 35 18 0 7 6 12
0 1 0 1 0 3 0 0 26 16 211 16 1 3 0 0 7 3 15 2 0 0 0 1 1 12 6 22 0 0 2 2 8 10 219 12 1 3 0 2 5 10 9 11 0 1 3 0 3 4 1 2 0 5 0 0 24 77 267 33 0 6 1 2 18 14 24 9 0 0 1 0 1 7 0 5 9 0 0 1 5 9 80 2 0 2 0 0 3 10 6 7 0 0 0 0
8 7 3 1 0 3 4 5 8 7 16 0 0 1 1 0 0 5 3 2 0 3 1 0 9 6 1 6 5 5 1 6 5 2 13 14 1 1 4 6 7 6 1 2 0 0 0 0 10 4 1 2 3 4 2 8 2 7 30 10 5 5 3 2 3 1 5 8 0 6 4 2 6 9 1 6 6 2 1 13 8 12 9 9 0 5 1 1 2 4 3 9 0 3 6 2
3 0 0 0 0 0 0 0 8 2 75 5 0 0 0 1 1 2 2 0 0 0 0 2 0 0 0 0 1 0 3 0 5 4 38 13 0 0 0 0 4 10 4 19 1 0 3 2 3 1 0 0 0 3 1 0 15 17 97 17 1 0 0 1 3 3 11 1 0 1 3 0 0 0 0 0 0 1 3 0 4 2 6 4 1 0 0 0 0 3 6 3 0 2 3 3
0 0 2 1 1 0 0 0 1 0 4 0 0 2 0 0 4 1 2 0 0 0 0 0 24 209 52 56 0 0 0 1 1 0 5 0 0 0 1 0 0 3 2 2 0 1 0 0 5 4 1 1 0 1 0 0 1 1 5 0 1 0 0 0 0 0 2 0 1 0 0 0 0 4 0 0 0 1 0 0 0 0 5 0 0 0 0 0 0 0 0 0 0 0 0 0
0 0 0 0 0 0 0 0 0 0 3 3 0 0 1 0 0 0 0 0 1 0 0 0 190 80 410 75 0 0 0 0 3 0 5 0 0 2 0 1 0 4 0 0 0 0 0 0 0 0 1 0 0 0 0 0 0 1 1 0 0 0 0 0 5 0 1 0 0 0 0 0 0 10 14 12 0 0 1 0 0 0 4 0 0 0 0 0 1 0 0 0 0 0 0 0
0 3 0 0 3 0 0 0 7 14 74 9 0 0 2 0 1 1 4 1 0 0 0 1 2 5 2 24 0 1 0 0 3 5 84 1 0 0 0 1 4 1 1 6 0 1 3 1 1 1 4 2 1 0 0 0 17 47 132 11 0 5 0 0 7 6 1 8 0 0 1 0 3 0 0 1 2 1 0 1 7 1 41 1 0 0 0 0 4 4 8 0 0 0 0 1
1 0 0 0 0 0 0 0 0 0 6 0 0 1 3 0 2 0 0 2 0 0 0 0 132 70 416 52 0 0 0 1 2 0 3 0 0 0 0 0 0 0 0 0 0 1 0 0 0 0 0 0 0 0 1 0 4 1 1 0 0 0 0 0 0 0 0 6 0 0 0 0 3 6 7 2 0 0 0 0 0 0 4 3 0 0 0 0 0 0 0 0 0 0 0 0
0 0 2 0 0 0 0 0 7 6 220 4 1 4 0 2 5 1 3 1 0 1 0 0 0 5 7 4 0 0 0 0 8 2 178 2 0 0 0 0 4 4 9 3 0 2 6 1 0 1 1 1 0 0 0 0 26 19 181 16 0 1 0 1 20 2 9 5 0 1 0 0 1 0 0 3 0 2 0 0 4 2 98 4 0 3 1 2 7 0 6 4 0 1 0 0
0 2 0 3 0 0 0 0 12 3 290 5 0 4 0 3 7 0 9 0 0 0 0 1 6 5 3 12 0 1 0 1 5 6 300 6 0 0 0 4 1 8 9 3 3 1 2 2 0 3 2 2 0 0 0 1 27 41 286 23 0 1 3 1 16 10 15 15 0 0 0 1 1 8 3 5 2 0 0 0 5 7 131 2 2 0 1 0 1 3 16 3 0 0 0 0
0 0 0 3 1 0 1 0 13 5 244 2 0 1 0 3 4 3 12 1 0 0 0 0 1 3 2 10 0 0 0 0 4 9 201 5 0 0 1 1 0 3 6 3 0 2 0 5 2 0 0 3 1 1 0 0 7 31 225 9 0 1 0 0 5 10 5 8 0 0 0 1 0 2 0 4 0 0 0 0 5 7 107 3 0 2 0 0 7 3 2 2 0 1 0 2
