89 96
1 1 1 9 1 0 0 0 2 4 35 4 0 0 0 2 3 4 4 6 1 5 0 15 4 1 0 6 0 0 0 2 1 0 20 2 0 1 0 2 1 0 4 2 2 0 3 24 0 2 0 2 0 0 0 0 2 18 61 24 0 0 0 1 8 11 5 13 0 4 1 1 74 4 9 260 1 0 0 0 5 20 375 40 0 0 0 1 5 9 7 8 7 3 2 75
6 6 0 10 0 4 0 3 27 10 56 18 1 4 1 32 10 10 28 6 0 1 0 2 7 15 5 33 0 3 0 0 8 3 70 4 1 4 3 4 4 2 31 16 0 2 4 5 6 9 4 4 0 3 1 1 24 45 78 26 6 6 6 6 12 4 17 4 0 1 2 0 5 6 2 11 0 0 0 3 12 13 63 4 4 3 5 6 3 5 8 6 1 0 0 5
2 5 0 1 0 1 0 0 19 5 43 8 0 0 0 2 3 7 15 1 0 1 0 0 4 14 11 32 3 0 0 0 7 1 32 2 3 1 1 0 2 11 16 7 0 0 2 1 2 0 4 3 0 0 0 1 14 25 62 24 3 2 2 0 2 2 3 5 0 2 0 2 2 2 0 3 0 3 1 1 7 3 36 1 1 1 0 0 6 4 8 2 0 0 0 0
1 5 0 5 4 0 0 0 31 7 88 15 1 5 2 2 6 7 27 4 0 0 0 3 14 21 15 53 0 1 3 2 10 7 98 4 0 4 0 2 2 5 31 8 0 3 4 3 1 1 1 5 1 5 1 2 49 78 148 52 2 1 3 5 10 6 17 6 1 1 0 4 7 2 0 11 0 0 0 1 4 1 43 4 0 1 0 0 3 7 8 6 0 1 0 2
0 1 0 2 2 0 1 1 15 10 88 8 0 2 0 4 3 12 9 5 0 0 0 0 4 12 7 25 0 2 0 1 5 7 68 4 0 3 0 2 2 3 22 4 0 3 7 1 0 0 1 2 0 1 0 1 43 22 99 35 0 1 0 0 6 4 5 9 0 0 2 0 1 5 1 6 0 2 0 2 1 8 37 3 0 0 0 0 4 5 13 0 0 0 2 1
5 2 2 11 3 2 0 0 2 11 55 5 0 0 0 3 14 8 7 4 5 8 3 21 7 1 3 22 0 0 0 0 5 13 49 11 0 0 2 0 1 6 9 4 2 5 6 46 8 9 1 5 3 1 0 1 8 36 144 37 0 0 0 0 26 35 22 48 1 7 2 4 49 18 2 383 0 0 0 0 7 43 575 67 0 0 1 6 8 39 21 22 11 22 2 110
1 7 0 1 0 0 3 1 12 4 65 9 3 1 0 2 9 7 17 4 0 0 0 0 2 4 7 16 0 0 0 0 4 2 71 6 0 3 0 0 5 9 19 3 0 0 3 2 3 2 2 2 0 0 0 0 31 18 76 13 0 1 0 3 2 1 12 3 0 0 0 0 3 2 2 10 0 2 5 1 3 6 30 4 1 0 0 1 2 2 13 1 0 1 0 0
2 6 1 2 4 4 1 2 40 13 463 16 2 9 1 1 6 8 21 4 0 1 0 0 8 21 8 58 0 0 0 1 12 10 338 5 0 8 3 1 14 13 35 6 2 1 2 13 2 2 2 0 5 2 0 2 54 62 452 48 0 1 1 0 22 10 20 14 0 0 0 4 2 4 1 4 1 3 0 1 7 14 199 5 1 5 3 0 8 6 13 1 0 0 0 0
3 4 0 0 0 0 0 4 21 12 64 8 1 0 0 1 4 2 11 2 0 0 1 0 2 6 5 13 0 0 0 0 6 6 63 2 0 1 2 2 2 5 16 2 0 1 0 0 3 2 2 2 0 5 1 2 54 30 81 27 0 2 0 0 1 2 6 2 0 1 0 0 0 1 0 6 0 0 0 0 7 4 23 3 0 0 0 1 1 1 6 4 0 2 5 0
1 60 6 209 0 5 0 3 251 267 1181 170 3 9 0 25 43 75 97 15 2 20 6 44 85 114 49 1218 0 0 4 0 35 148 613 88 1 35 6 21 9 85 85 31 1 22 12 72 23 133 14 686 3 10 0 4 565 709 1764 537 1 51 1 10 105 142 119 101 3 16 2 40 14 133 3 534 1 0 0 1 60 171 266 87 0 12 1 14 30 71 55 16 0 5 2 24
3 7 2 4 0 0 0 4 17 8 53 7 8 2 7 16 42 44 87 24 3 6 1 8 11 9 4 22 0 0 0 1 2 9 52 8 0 5 15 9 28 45 142 41 2 8 12 13 1 2 0 4 0 0 1 0 16 34 89 21 3 5 6 2 99 34 84 68 1 1 2 6 2 2 0 6 0 0 5 2 3 4 26 4 7 3 7 3 19 19 28 14 2 3 5 1
3 10 1 57 11 9 1 5 22 59 337 51 1 6 0 19 56 84 50 55 14 52 7 139 49 17 19 243 1 0 2 0 20 38 300 58 0 3 2 8 15 61 41 28 24 31 57 215 12 29 1 123 10 6 0 12 44 262 813 226 0 1 0 7 152 193 132 188 4 23 20 45 298 66 27 2338 2 1 1 3 39 224 3188 371 3 8 4 28 43 149 94 102 33 137 25 674
8 52 8 446 1 0 0 2 478 423 1134 366 8 13 6 13 34 49 93 42 1 26 20 94 72 189 40 1582 0 0 2 0 108 203 750 281 0 52 5 26 16 53 77 43 1 30 21 93 33 165 20 930 3 2 2 5 815 733 1430 686 0 19 2 14 71 105 81 102 1 26 16 46 61 244 12 1267 1 0 0 2 145 326 870 388 0 18 1 22 34 77 74 55 5 39 18 125
4 1 3 0 3 4 0 1 8 4 33 8 1 0 0 4 4 3 10 3 0 1 0 0 3 11 6 27 1 0 0 1 1 4 29 4 0 2 2 1 5 1 14 1 0 1 4 1 0 3 0 1 1 3 1 0 18 34 37 20 0 0 0 4 5 7 4 4 0 0 0 0 2 1 0 12 1 0 3 1 4 9 19 7 0 0 2 1 1 4 6 2 0 0 0 3
1 3 8 1 2 3 0 0 9 8 82 5 2 1 0 5 13 9 18 2 0 0 0 0 8 11 10 35 0 0 1 0 4 6 89 5 0 3 2 0 3 8 23 6 0 1 2 3 1 1 5 8 0 2 1 4 20 36 73 19 0 0 2 0 14 9 14 2 0 0 0 2 1 1 0 10 0 2 1 1 7 7 41 4 3 1 2 3 10 10 4 3 1 0 1 1
0 0 1 3 1 2 0 2 29 4 77 12 0 2 0 8 10 9 27 0 0 2 0 0 16 14 3 45 0 0 0 3 7 10 67 10 0 2 3 0 5 9 22 8 0 0 4 4 1 6 3 7 0 1 0 2 42 39 97 32 0 0 2 0 12 5 17 7 0 1 4 0 1 0 2 4 0 1 0 0 6 11 43 2 1 5 0 0 7 8 15 2 0 0 1 0
1 2 14 2 0 0 0 3 1 0 17 1 0 2 0 0 1 0 0 0 0 1 2 0 8 2 4 4 1 2 1 9 4 4 15 3 0 1 3 1 2 1 0 0 0 2 1 2 2 7 6 4 0 4 1 2 5 0 21 2 0 3 3 6 2 0 2 4 1 0 1 0 11 26 4 9 37 17 6 38 38 8 14 18 1 2 1 0 0 2 0 1 0 1 5 0
0 3 0 0 1 2 0 2 23 14 61 6 0 2 2 3 1 3 14 4 0 1 4 0 7 14 15 35 0 0 0 0 3 9 65 15 0 1 1 1 0 5 13 1 0 1 2 3 3 2 2 2 0 2 0 0 42 42 80 31 0 1 0 1 2 7 7 6 1 1 1 1 2 1 2 10 0 0 0 0 7 5 28 4 0 1 0 0 3 2 8 1 0 2 0 2
5 14 8 149 22 5 5 12 65 143 1294 111 5 5 4 22 62 75 61 50 3 28 11 88 108 41 35 775 0 0 0 1 47 118 1479 111 1 7 5 14 23 51 66 25 7 16 42 154 29 44 9 350 9 11 0 4 184 627 2715 456 3 3 1 6 168 266 195 218 11 27 14 22 79 200 9 2216 2 3 0 3 102 480 3652 537 0 17 4 20 47 115 68 49 8 65 13 326
1 0 2 2 0 2 1 2 14 11 56 6 0 0 0 0 5 5 13 6 0 0 0 0 3 8 4 12 0 2 0 0 4 3 57 6 0 0 0 0 2 4 12 2 0 0 2 0 4 0 4 3 0 0 2 2 25 29 46 26 0 0 2 0 2 7 4 2 0 1 0 1 2 1 1 0 2 2 5 1 2 5 26 1 0 0 0 0 0 3 5 7 0 0 0 0
1 1 0 1 3 0 2 3 32 20 90 20 1 1 0 4 5 4 26 3 0 2 2 0 12 9 12 37 0 2 0 0 9 16 100 9 4 3 1 1 5 5 21 4 0 1 4 3 1 1 0 5 0 2 0 2 66 42 129 49 1 2 0 1 3 3 8 9 0 1 1 1 0 8 3 1 0 0 0 2 11 10 44 10 0 4 0 0 7 5 19 5 0 0 0 3
0 3 0 1 0 6 1 2 14 15 83 7 2 1 2 5 12 3 7 2 0 0 2 0 3 5 2 21 0 0 0 0 6 6 70 13 1 0 2 0 4 6 19 2 0 0 4 2 3 3 1 3 0 1 0 0 35 36 94 34 0 0 4 3 3 8 8 1 0 0 0 0 0 3 0 0 1 2 0 0 13 8 48 7 2 2 0 0 2 5 3 0 0 1 0 1
10 15 8 105 10 3 0 1 16 42 228 50 3 3 3 13 30 27 24 52 5 27 20 104 41 15 13 171 0 0 0 2 9 32 135 27 0 2 8 2 5 11 17 13 18 1 39 153 13 17 6 81 9 3 1 3 25 148 313 116 1 1 2 3 37 47 17 90 1 14 6 17 438 71 53 2797 0 0 0 0 30 167 2222 275 2 6 2 24 22 68 39 57 47 52 24 507
1 10 0 1 1 0 0 3 22 12 64 7 5 1 1 6 13 6 18 2 2 4 0 3 3 12 11 44 0 0 4 0 14 6 75 15 1 1 2 3 10 7 33 9 0 0 2 3 2 4 0 5 0 2 0 1 38 52 83 37 4 0 6 1 25 12 21 13 4 1 0 3 4 11 2 7 0 1 0 1 4 10 35 5 8 2 1 4 8 6 14 2 0 1 0 3
1 2 0 0 2 5 2 2 36 17 62 11 4 8 0 6 16 22 27 5 3 1 5 1 18 16 7 53 1 0 1 1 5 11 84 20 1 0 6 4 14 10 39 14 0 3 12 7 3 8 2 7 1 1 0 6 48 84 74 51 2 2 4 1 56 30 49 32 0 1 4 3 2 4 1 7 0 0 0 1 16 19 41 7 2 1 3 3 20 21 26 20 0 4 3 3
1 2 0 2 2 1 1 1 11 7 50 2 0 0 0 4 7 1 11 2 0 1 0 1 4 5 15 26 0 0 0 0 3 6 26 8 0 0 0 0 1 1 24 4 0 1 2 1 0 1 1 3 0 0 0 0 20 31 47 24 2 0 0 2 10 5 2 5 0 0 1 0 0 3 0 2 3 3 0 2 1 11 19 2 0 2 2 0 1 2 8 3 0 0 0 0
2 2 5 2 1 0 0 9 22 6 65 7 0 6 0 3 5 11 15 1 0 0 0 0 7 5 6 21 3 0 1 0 4 3 81 6 1 2 0 0 7 4 13 4 2 2 7 1 3 3 5 5 0 1 0 2 34 31 110 24 0 0 0 0 8 3 9 7 0 0 1 2 3 1 2 8 0 0 1 2 2 6 37 3 0 1 0 0 3 9 5 0 0 1 0 1
13 15 9 106 3 4 1 2 9 31 220 45 1 6 0 19 51 60 72 53 23 48 27 187 30 24 25 166 0 0 0 2 8 14 164 23 0 9 11 17 29 26 59 33 37 38 48 227 14 23 2 77 0 2 0 3 31 120 346 162 2 6 0 10 37 101 74 125 8 14 8 45 446 74 76 3307 0 0 0 3 21 136 2323 247 2 9 8 28 53 118 100 150 62 109 30 843
6 9 2 37 5 2 0 2 155 145 1010 96 1 3 0 1 11 12 19 5 0 1 0 3 7 22 11 182 0 2 0 0 20 85 485 81 2 4 0 5 10 19 38 8 0 3 7 5 0 16 3 175 1 7 2 8 424 681 2254 332 4 12 0 1 27 68 53 37 0 8 0 0 2 15 0 87 0 1 0 0 40 101 172 63 4 2 1 1 12 37 16 2 0 3 0 4
0 3 1 12 0 1 0 1 25 22 77 17 1 2 0 0 11 7 27 4 0 5 2 1 7 14 11 46 0 0 2 0 15 9 44 12 0 4 4 1 9 14 34 8 1 3 4 10 5 9 6 5 0 4 0 1 39 58 132 33 1 0 1 0 31 23 22 9 0 2 0 0 3 6 7 10 0 1 1 2 13 14 35 11 5 0 1 2 4 4 12 7 0 2 1 3
4 14 1 1 4 3 1 2 19 8 128 5 1 0 0 2 4 4 12 1 1 1 0 0 6 9 5 33 0 0 0 0 5 8 113 7 0 1 1 2 3 1 8 2 0 0 2 4 4 9 4 5 0 2 0 1 40 34 101 17 3 0 2 2 3 5 2 1 0 0 0 1 2 8 0 6 0 0 0 0 8 6 69 4 0 2 0 0 3 5 10 2 0 0 0 2
4 19 7 148 3 5 0 2 18 66 306 101 2 5 0 26 45 51 52 40 16 48 18 135 48 46 38 367 0 0 1 3 22 39 285 93 0 6 6 21 16 30 51 34 20 14 41 207 24 55 7 201 3 5 0 5 47 284 641 266 4 4 0 10 88 106 93 127 3 25 9 38 431 197 56 4312 0 0 2 2 56 245 3196 471 1 6 4 37 36 114 97 110 59 78 25 670
2 4 0 3 1 0 0 0 37 17 76 5 1 1 1 3 8 6 12 7 0 0 1 1 4 12 11 37 0 0 1 0 7 7 62 7 1 3 0 1 2 13 23 1 0 2 0 2 3 0 1 7 2 3 1 1 61 46 85 41 0 2 3 0 5 3 3 10 0 0 0 0 2 0 1 14 0 0 2 3 2 9 39 7 0 1 0 0 9 2 9 2 0 0 1 2
8 0 4 6 2 2 3 0 10 5 56 18 0 0 0 4 3 5 17 5 0 0 0 3 8 17 3 36 3 0 2 2 3 3 36 7 2 1 0 2 4 4 21 3 0 1 3 1 10 4 3 5 0 1 0 2 17 23 70 23 0 0 1 0 3 3 5 3 0 0 0 4 4 4 1 2 1 0 0 0 11 7 31 6 0 0 1 0 4 2 5 3 0 1 2 4
3 13 2 3 0 2 0 0 15 20 64 17 3 1 2 5 4 4 16 8 0 0 0 2 6 11 11 24 1 0 1 0 6 6 65 8 0 1 1 0 2 3 12 0 0 1 1 1 2 7 5 4 1 0 1 0 51 26 54 31 6 1 0 0 5 4 4 9 0 0 1 0 3 2 3 6 0 1 0 1 10 8 23 2 1 0 1 0 14 5 16 3 0 0 1 0
7 6 1 3 2 1 3 1 22 17 153 23 1 7 0 3 8 9 39 8 1 1 1 6 7 24 9 48 0 1 3 2 9 8 157 19 0 5 2 3 7 8 36 11 0 7 13 10 7 16 5 22 2 4 0 0 55 74 193 46 1 1 1 2 15 14 27 13 1 1 2 1 4 9 1 15 1 0 1 6 15 16 78 7 1 2 1 0 12 13 22 3 0 1 0 1
5 23 3 133 12 4 2 8 172 178 805 165 1 15 2 19 97 88 81 46 2 29 9 92 86 77 25 704 8 1 0 5 88 226 1028 194 0 16 0 11 19 65 77 40 9 28 42 147 17 69 11 414 24 6 0 9 326 539 1759 500 4 15 2 15 226 275 239 222 3 34 19 56 120 123 11 1261 1 2 0 12 109 370 1958 348 0 14 2 14 56 102 82 81 15 81 13 318
1 2 1 1 0 2 0 4 3 3 20 0 4 0 3 5 8 21 31 2 1 3 2 2 1 6 1 2 1 0 0 0 10 12 50 5 2 4 1 0 9 15 40 31 1 11 9 6 1 1 0 0 0 2 2 1 8 19 63 16 5 2 7 4 26 15 29 29 1 0 2 2 2 3 0 1 0 0 0 3 1 9 8 9 5 0 0 1 9 16 17 13 1 2 1 0
3 4 0 1 1 0 2 1 32 10 171 12 1 2 1 6 17 18 33 7 0 1 0 1 10 19 12 37 0 0 2 0 4 14 118 11 0 3 2 1 8 15 48 6 0 7 3 2 3 0 1 6 0 2 0 0 56 73 170 60 1 2 3 4 23 10 14 3 0 0 0 1 3 0 1 5 0 0 0 0 8 16 63 1 0 2 3 2 12 7 32 4 0 0 0 2
1 4 1 2 3 1 0 1 10 3 56 9 0 4 1 0 4 3 16 0 0 0 0 1 9 9 2 21 0 0 2 4 2 11 40 6 0 0 2 2 3 5 15 5 0 1 1 0 3 3 0 2 0 0 0 1 28 24 74 30 7 0 0 2 6 6 4 0 0 0 0 1 1 0 1 2 0 0 0 0 10 2 48 5 0 0 0 0 9 0 11 1 0 0 0 0
3 3 2 14 0 0 0 0 3 13 82 13 0 0 0 4 5 9 11 6 5 11 3 25 5 4 1 10 0 0 5 2 2 11 47 7 0 0 1 0 4 4 7 5 7 6 17 33 3 6 1 11 0 0 0 1 9 35 132 35 0 0 0 0 13 23 9 22 6 6 0 11 115 12 20 589 0 1 0 4 7 48 804 89 0 3 3 2 7 32 10 15 15 17 1 169
18 16 7 8 1 0 0 0 2 4 22 3 0 0 0 0 2 4 8 0 0 0 0 2 30 7 0 15 2 1 0 1 5 1 18 3 0 1 0 1 0 2 3 4 0 0 0 0 26 35 18 20 0 0 0 0 10 5 29 6 0 1 0 0 3 0 6 1 0 0 0 0 10 14 8 8 0 0 1 0 0 3 13 0 0 0 0 0 3 3 1 1 0 0 0 0
0 0 1 0 0 2 2 0 7 3 10 0 0 2 0 0 0 0 2 2 0 2 0 0 1 1 0 0 5 2 1 3 5 4 18 3 0 0 2 0 1 0 1 2 0 0 0 1 0 0 1 1 3 0 0 3 4 8 10 4 0 0 0 0 0 0 0 2 0 0 0 0 7 10 3 2 149 30 10 144 231 54 72 90 0 0 0 0 0 1 0 0 0 0 0 1
0 0 0 0 0 0 0 1 10 2 47 4 0 0 0 0 0 4 13 0 0 2 0 0 0 5 8 23 0 0 0 0 3 5 62 3 0 0 4 0 0 0 16 2 0 2 2 0 0 3 0 2 0 0 2 0 22 14 58 24 0 0 1 0 5 0 5 1 0 0 0 2 0 3 0 2 0 0 0 0 7 8 18 1 0 0 1 0 1 2 7 2 0 0 2 0
2 0 0 0 0 0 0 2 19 3 319 8 0 3 1 4 3 10 21 3 0 0 2 0 10 12 4 21 0 0 0 0 4 7 278 12 0 1 2 0 4 9 40 12 0 3 0 3 2 5 2 3 0 2 0 0 35 39 337 39 2 1 2 0 12 17 13 7 0 0 0 0 1 1 0 3 0 0 1 0 2 3 125 1 0 0 1 3 4 2 11 3 0 0 0 0
2 6 0 1 1 0 1 2 15 18 75 12 0 5 1 8 12 12 19 6 0 1 0 1 7 9 17 25 0 1 1 1 2 3 53 7 0 3 0 1 4 6 30 7 0 3 1 3 4 0 2 4 1 3 0 3 28 56 80 43 0 2 0 2 12 6 12 4 1 0 1 1 1 4 2 5 0 0 0 2 16 6 43 9 0 0 1 0 3 9 11 8 0 0 2 0
11 4 2 2 0 2 2 0 16 18 73 6 1 0 1 1 18 15 44 15 0 0 1 0 8 15 12 42 0 0 2 0 9 12 74 7 0 2 1 4 24 20 85 20 1 12 4 2 1 5 3 9 0 1 0 1 36 59 70 38 0 0 1 0 31 12 31 17 0 1 1 3 1 5 0 8 0 2 0 0 3 5 42 1 2 1 1 2 6 11 26 8 0 0 2 1
0 4 0 2 4 0 1 2 26 15 95 9 3 0 3 3 10 5 22 3 2 0 0 0 5 25 11 22 0 0 0 0 12 9 94 6 4 0 12 1 13 9 25 12 0 6 4 3 2 8 0 8 0 1 1 3 41 39 82 43 4 1 0 2 25 6 27 8 0 4 0 1 0 4 6 4 0 2 1 1 5 11 40 9 0 1 3 0 8 2 6 4 0 3 0 0
1 1 2 0 1 4 0 1 17 8 35 7 0 0 0 3 5 2 6 6 0 0 0 0 4 6 4 18 0 0 0 0 6 5 47 4 0 0 0 0 5 7 10 2 0 3 1 1 0 0 1 1 0 2 2 0 30 18 49 12 0 0 0 0 7 2 4 2 0 0 2 1 1 1 0 7 0 3 0 0 6 6 27 1 1 1 0 0 3 0 5 2 0 1 1 0
5 4 0 0 0 4 1 1 11 7 68 3 0 0 0 1 1 5 10 5 0 0 3 0 6 7 14 14 1 0 5 2 6 6 53 8 0 1 1 2 3 4 27 3 1 0 3 3 1 2 1 6 1 1 0 0 21 36 75 21 1 2 0 0 5 1 4 2 2 0 3 1 1 0 2 8 1 1 0 2 4 0 29 0 0 0 1 0 1 1 4 0 0 1 0 0
2 0 2 2 1 0 0 2 11 4 57 8 0 0 1 0 3 1 9 3 1 0 0 0 9 8 3 22 0 0 1 1 5 6 56 11 0 0 0 0 2 4 17 5 0 1 2 1 5 3 1 3 0 2 0 0 47 25 59 17 0 0 0 0 3 9 11 2 0 1 0 1 1 2 2 7 0 0 0 2 8 1 29 3 2 1 0 0 5 1 7 0 0 0 0 0
4 9 3 0 0 1 2 1 20 12 76 13 2 5 3 7 13 10 21 2 0 1 0 1 6 15 2 28 2 0 1 2 14 14 62 13 1 3 2 2 7 15 29 4 0 3 2 3 3 2 0 5 0 1 0 3 45 51 69 48 2 2 1 1 17 8 12 8 0 1 1 2 8 8 1 4 26 14 7 42 67 27 47 49 2 1 8 1 6 2 12 0 0 2 0 2
3 2 1 1 0 2 1 2 20 10 46 11 0 0 1 1 3 10 31 7 1 1 1 2 9 14 1 41 0 0 3 0 6 3 52 5 0 1 0 4 17 8 29 7 0 4 4 3 4 7 0 3 2 4 2 0 35 50 101 33 0 0 1 0 17 7 11 10 1 2 5 2 0 5 0 11 1 1 0 0 8 10 31 1 0 1 1 0 3 7 18 1 1 0 1 0
3 4 5 20 0 3 1 0 3 13 78 7 0 3 2 6 3 13 1 3 4 4 1 21 10 5 1 23 0 0 0 1 3 2 23 6 0 0 2 1 2 3 3 3 2 3 3 20 3 8 1 11 0 0 0 1 4 33 94 36 0 4 0 0 8 12 1 12 1 6 2 2 120 19 6 643 1 0 0 0 2 28 387 57 0 2 3 1 3 6 7 8 14 3 0 102
5 3 0 3 2 0 0 0 8 5 28 16 1 5 1 4 5 6 11 3 0 0 0 1 9 5 1 23 1 1 1 2 12 6 39 11 1 1 3 1 4 0 14 3 2 0 3 2 6 5 4 6 1 1 0 1 21 37 64 16 0 4 1 3 3 4 8 10 0 0 1 0 7 7 1 5 2 4 4 2 12 14 10 9 3 4 0 0 3 3 3 10 1 1 0 0
4 3 0 3 3 5 0 2 50 13 112 10 0 0 1 7 5 12 25 4 0 1 1 0 12 12 17 56 0 0 2 0 11 3 129 5 0 1 6 0 9 17 31 3 0 2 3 9 3 4 1 7 1 2 0 1 68 61 147 44 0 0 0 2 5 4 7 7 1 0 0 0 1 8 5 7 0 0 0 1 15 6 56 7 1 0 0 0 7 11 15 3 0 0 1 1
1 0 2 1 1 1 0 0 19 6 60 6 0 4 0 1 12 5 23 1 0 0 0 0 8 5 5 26 3 1 0 1 4 13 85 1 1 3 0 3 5 4 25 7 0 8 3 0 2 3 1 1 0 1 0 2 27 49 125 30 0 2 2 3 6 7 10 4 0 1 1 4 1 1 4 4 0 0 0 0 9 4 35 8 0 2 0 0 5 0 2 1 0 0 0 0
0 5 7 2 1 4 5 2 9 17 221 4 1 0 4 3 16 10 20 5 0 0 0 1 5 5 6 30 0 1 0 1 6 11 187 9 1 1 2 0 4 6 16 5 0 0 6 1 1 6 4 10 2 1 0 2 27 40 400 32 0 0 0 0 13 3 11 3 0 1 0 0 3 12 7 59 0 1 6 3 10 5 255 17 1 3 1 0 7 2 5 0 0 0 2 6
4 20 8 121 4 6 0 4 25 48 260 83 3 11 4 15 22 61 38 42 25 45 24 169 56 28 17 348 0 2 0 3 21 32 166 61 0 7 4 16 4 30 30 37 20 14 45 180 16 27 3 152 3 5 0 6 23 175 472 184 1 1 0 4 57 91 61 93 5 18 9 30 545 122 70 3532 0 0 0 1 46 186 2473 376 1 12 11 25 37 86 53 92 86 82 19 674
3 14 2 16 0 0 0 0 6 11 43 7 4 21 7 31 33 81 176 45 11 6 8 34 10 12 16 24 0 0 0 0 15 24 62 47 7 12 9 12 49 98 269 110 6 12 61 45 0 9 1 13 0 0 0 0 2 20 45 13 2 12 2 18 34 56 127 46 3 5 5 17 25 19 14 117 2 0 0 0 4 22 28 16 1 2 2 3 49 87 151 67 2 6 8 25
2 2 3 0 2 0 0 1 9 9 88 7 2 0 1 13 3 7 11 0 0 0 0 0 4 14 12 17 0 0 0 0 3 2 98 4 1 2 0 1 5 5 15 2 0 2 2 2 4 6 2 3 0 0 2 1 30 25 100 26 0 2 0 3 3 3 7 1 0 0 0 1 0 0 0 3 0 0 0 0 4 3 38 0 2 0 0 3 0 2 3 2 0 0 0 3
3 5 1 4 4 4 1 2 21 7 91 10 3 0 1 5 7 9 15 7 3 2 0 1 8 13 5 34 0 0 0 2 4 12 75 5 0 2 4 0 3 0 17 5 1 0 2 1 1 4 0 9 0 2 0 1 31 41 90 27 2 1 0 3 12 7 8 8 0 0 0 4 1 6 3 6 0 0 0 5 10 10 50 2 1 0 0 0 6 12 7 2 1 2 0 5
13 16 11 117 4 4 0 6 23 44 475 72 3 1 4 13 44 70 59 33 9 33 7 100 31 28 29 201 0 1 0 6 32 55 411 75 2 1 1 11 4 23 52 32 17 14 25 104 15 34 3 125 2 2 1 10 42 223 669 256 2 9 1 6 69 98 54 112 4 25 5 19 392 143 58 3261 0 1 0 2 73 250 3486 504 3 11 2 35 32 70 104 104 40 66 24 453
1 6 1 5 0 2 6 1 32 8 96 8 3 2 1 9 6 4 18 1 2 0 0 3 8 15 9 32 0 0 2 3 7 12 103 10 1 1 1 2 4 4 24 15 0 2 5 2 0 8 6 3 0 3 0 6 58 43 114 49 0 0 2 3 5 4 10 3 0 0 0 0 2 4 0 4 1 0 0 5 6 4 50 6 1 0 0 4 5 6 15 4 0 1 0 3
1 1 0 1 1 0 2 2 8 4 68 9 0 0 0 1 0 6 10 0 0 2 0 1 5 6 10 26 0 1 0 1 2 8 62 8 0 1 0 0 4 4 18 7 0 2 3 0 5 3 0 2 0 0 0 3 36 28 80 17 0 2 5 1 2 7 11 2 1 1 0 1 0 2 0 1 0 0 0 0 7 2 26 3 0 0 0 0 0 2 3 1 0 0 0 0
0 3 1 2 1 1 0 0 34 22 103 14 0 0 0 3 5 9 25 1 0 0 0 0 12 20 11 38 0 0 2 1 11 15 90 8 0 1 0 0 7 8 39 7 0 3 3 4 0 1 1 5 1 3 1 0 70 40 144 45 0 0 2 3 6 3 21 3 0 0 3 1 1 11 6 6 0 2 0 7 8 6 45 10 0 3 1 2 4 3 11 4 0 1 0 1
5 27 5 163 3 4 0 1 116 190 912 159 2 17 6 12 40 55 42 29 1 24 11 82 24 53 30 406 0 0 0 0 25 87 519 132 0 22 2 13 23 50 53 28 8 16 19 59 21 76 17 294 9 3 0 6 233 475 1521 390 0 17 1 9 77 127 70 97 2 7 9 23 161 105 8 1213 0 0 0 0 52 255 1081 255 1 15 7 16 32 47 58 40 11 38 4 217
0 1 0 4 1 1 0 3 37 18 254 15 7 24 4 10 28 21 34 18 0 12 0 2 16 14 10 41 0 3 0 1 12 31 242 17 2 5 4 7 23 17 58 16 0 6 2 4 6 11 2 15 2 4 1 1 80 117 316 98 5 20 12 9 113 67 88 71 1 0 1 0 0 10 0 9 3 0 1 4 25 26 145 13 3 10 4 2 46 55 33 28 1 1 3 0
2 4 1 1 0 0 0 0 18 10 45 12 0 2 2 1 1 1 20 6 0 5 0 0 1 6 18 25 0 0 0 0 13 3 34 4 0 0 0 1 7 7 21 7 0 5 5 3 0 1 4 2 0 2 0 1 55 46 51 40 0 1 0 1 17 8 10 18 0 0 2 0 0 1 0 8 2 0 0 0 6 7 15 2 1 2 0 1 3 2 5 3 0 1 4 5
9 3 0 3 1 0 1 1 29 8 105 4 1 0 3 0 7 4 27 6 0 0 3 0 6 16 14 36 0 1 0 0 8 15 86 5 0 0 0 0 8 6 33 5 0 1 1 3 0 4 4 6 1 6 0 0 39 60 98 39 0 0 1 2 8 6 13 3 2 1 1 1 5 2 3 7 3 2 2 0 7 6 33 4 0 0 0 0 11 13 7 3 0 0 3 0
0 2 0 2 0 3 1 3 39 17 526 11 2 5 0 1 4 11 20 5 0 1 0 0 18 32 17 87 0 0 1 0 16 15 462 22 0 6 0 0 6 7 31 5 0 4 6 0 5 6 1 10 3 3 0 2 107 82 517 75 0 3 2 3 5 7 15 8 0 0 2 0 0 5 1 3 0 0 0 0 18 12 232 9 0 1 1 0 3 0 9 2 0 0 0 3
1 0 0 1 3 2 0 6 10 4 79 4 0 0 0 1 5 2 13 2 0 0 0 0 5 7 1 13 0 1 0 1 7 10 50 2 0 1 1 1 1 6 9 4 0 0 1 0 0 2 0 2 0 0 0 0 18 34 83 25 3 1 1 0 4 6 8 5 0 3 0 0 2 4 3 4 0 1 0 0 2 3 27 0 0 1 0 0 1 3 9 0 0 0 0 0
2 6 1 2 0 1 0 1 4 0 28 0 0 0 0 0 3 0 2 1 0 0 0 1 3 1 2 1 1 0 1 1 4 3 10 2 0 0 1 1 1 0 0 0 0 0 1 1 7 3 2 2 0 2 0 0 5 1 14 11 0 0 0 2 0 0 2 5 0 0 0 0 10 11 2 9 28 7 0 26 88 35 48 31 0 1 1 0 1 0 1 0 1 0 1 0
0 3 2 12 0 0 0 2 4 11 82 7 0 0 0 0 6 10 15 8 2 5 4 49 6 9 2 20 0 0 0 2 0 4 71 14 0 0 2 2 1 2 7 1 2 5 7 26 5 8 0 4 0 0 0 1 14 45 111 48 0 0 0 1 17 15 13 23 0 4 1 3 126 19 12 734 0 0 0 0 13 57 891 79 2 0 2 2 4 27 11 22 16 13 2 197
2 2 0 6 3 1 0 0 1 4 51 3 0 0 0 0 12 8 3 3 2 2 6 12 2 1 0 12 1 0 1 1 6 4 42 2 0 0 0 3 2 1 5 1 4 3 6 27 8 11 0 9 1 2 0 1 0 41 106 19 0 0 0 0 15 19 19 22 1 1 0 8 40 7 4 248 0 0 0 0 10 37 544 64 0 4 0 3 5 20 7 14 10 18 1 96
7 7 5 3 3 0 0 3 41 14 193 21 1 4 0 2 9 10 14 4 0 0 1 0 18 28 8 49 0 3 1 0 7 22 180 7 0 2 1 1 8 9 24 8 0 2 4 4 5 4 1 12 3 4 0 4 76 52 202 56 0 0 3 0 13 5 21 4 0 0 0 0 9 1 6 7 0 0 0 0 10 6 77 5 0 2 0 0 3 12 12 4 0 0 2 1
2 4 1 9 2 1 0 2 26 14 107 13 0 2 1 8 4 10 9 3 1 0 0 1 12 25 9 34 0 0 0 0 6 7 106 6 0 1 1 0 2 7 14 5 0 0 4 2 4 3 5 4 0 2 0 6 46 68 98 30 1 0 1 0 12 9 5 7 2 4 2 0 5 5 1 10 1 1 0 1 6 10 46 1 1 3 0 0 9 2 10 6 0 0 0 3
2 1 2 2 2 1 1 2 28 17 91 9 1 2 6 0 12 10 35 4 0 0 0 0 7 27 13 42 0 1 0 0 10 3 104 1 3 1 0 3 9 17 42 3 0 2 6 4 12 32 5 14 1 5 0 1 59 77 201 50 0 0 2 2 8 11 16 9 1 1 1 0 2 3 0 12 1 1 1 1 13 4 46 5 0 0 1 0 5 9 20 4 0 0 0 0
3 1 1 2 0 0 4 2 3 10 39 4 0 1 0 0 3 2 5 0 0 2 1 1 3 5 7 21 0 0 1 3 2 5 40 3 0 0 0 0 4 2 23 0 0 2 3 1 4 1 1 6 2 0 0 1 12 23 63 18 0 2 0 1 5 8 13 2 0 0 0 1 2 3 0 1 0 0 0 0 3 2 18 7 0 0 0 0 2 0 5 4 0 0 0 0
2 5 0 4 0 0 0 2 8 6 69 3 0 3 1 4 4 4 6 0 1 2 0 0 11 9 7 12 0 0 0 0 4 0 65 3 0 0 1 4 0 5 18 4 0 1 1 0 4 5 0 5 0 1 0 0 15 18 75 11 1 0 1 0 0 4 2 2 0 0 0 1 0 0 1 2 0 0 1 1 1 9 32 5 1 0 0 2 1 1 3 0 0 1 0 3
0 1 0 5 0 2 4 4 24 10 72 13 0 0 3 3 12 0 16 2 0 0 0 0 11 7 12 56 1 0 2 1 7 6 71 17 0 0 2 1 4 4 27 2 1 2 2 3 2 3 0 2 1 3 1 3 39 41 99 27 0 0 2 0 1 4 6 5 0 0 0 0 2 9 4 8 0 0 1 3 12 7 38 2 0 2 2 0 4 2 5 2 0 0 2 1
2 2 0 3 0 2 1 0 22 13 41 2 0 0 1 1 4 5 6 2 0 1 0 0 1 5 3 5 0 0 2 0 11 19 32 7 0 0 0 1 1 3 10 4 0 1 1 1 6 3 1 3 0 1 0 1 54 29 19 19 1 0 1 1 3 1 5 5 0 0 0 3 5 1 0 7 0 0 0 3 21 22 14 6 0 1 0 0 1 5 1 2 0 0 2 0
9 5 3 3 0 0 1 1 35 10 99 17 2 1 0 4 9 4 21 0 0 0 0 0 12 28 11 40 0 1 0 0 14 15 99 14 2 1 3 0 9 12 33 2 0 3 8 4 11 13 1 10 2 2 0 0 66 59 113 53 0 3 0 3 18 7 20 6 0 1 1 0 4 4 2 9 1 1 0 2 11 12 65 3 0 1 0 0 3 8 15 1 0 1 0 0
1 5 4 3 1 1 1 1 13 7 109 14 0 2 0 4 6 3 20 3 0 0 1 1 7 8 12 33 0 0 2 0 8 5 71 8 1 1 0 1 1 1 18 3 0 1 2 0 2 6 1 11 1 1 1 1 20 33 147 24 0 0 0 0 5 1 3 4 0 0 1 3 5 14 0 6 1 0 0 1 8 4 34 3 1 0 0 2 4 6 2 5 0 0 0 0
5 5 4 100 5 2 0 1 10 51 231 59 0 2 0 10 27 58 44 40 11 25 8 73 23 21 8 143 0 2 1 4 15 21 221 56 0 2 3 7 10 22 73 23 19 13 20 110 5 11 6 76 3 4 0 2 26 136 360 131 0 4 0 3 33 54 59 87 4 13 7 20 263 87 38 2265 0 0 0 0 22 152 2226 251 0 4 2 19 32 68 91 105 22 66 23 376
1 0 2 2 0 0 1 0 10 7 35 4 0 2 0 4 3 9 7 2 0 0 0 0 6 7 2 9 0 0 1 0 4 2 66 7 1 1 0 0 0 3 11 1 1 1 0 0 2 1 0 3 0 1 0 0 23 26 59 7 0 0 0 0 8 2 1 3 0 0 0 1 0 1 0 2 0 0 0 0 5 1 27 5 0 0 1 1 2 2 3 2 0 2 0 2
4 5 6 5 2 0 0 4 25 14 85 6 0 2 0 0 6 7 11 4 0 0 0 2 9 17 6 40 0 0 0 1 7 4 80 12 0 4 0 3 5 9 32 6 1 3 6 3 8 2 2 4 0 0 0 2 35 32 78 33 0 2 4 0 5 4 8 5 0 0 0 1 2 6 2 2 1 3 0 0 8 9 55 6 0 0 0 1 6 12 5 2 1 1 0 0
2 4 3 3 3 2 0 2 31 32 79 17 10 34 3 5 45 40 48 30 0 2 5 2 16 26 6 57 1 2 6 0 15 22 87 21 2 7 5 6 38 14 63 27 0 0 2 3 3 8 1 8 3 8 0 2 86 94 114 68 3 8 8 2 110 50 72 85 1 0 1 0 1 8 3 12 0 5 5 3 20 30 48 20 0 7 1 2 62 38 61 40 0 0 2 3
3 3 2 0 5 1 5 0 3 1 7 1 3 0 0 1 2 3 2 0 0 0 0 0 2 0 1 0 6 0 8 1 5 4 7 2 1 1 2 0 0 0 1 2 0 0 0 3 0 5 0 5 0 2 0 1 0 3 4 3 0 0 0 0 1 0 5 0 0 0 1 2 20 9 0 6 48 18 13 70 34 16 17 28 0 1 1 1 0 2 0 0 0 1 0 0
