97 96
9 7 10 11 4 10 4 3 8 9 41 7 2 4 6 3 6 9 25 10 2 2 3 1 8 5 7 9 4 2 4 10 3 23 43 11 0 4 0 1 4 9 4 6 0 4 5 5 7 5 12 2 5 6 7 5 14 11 39 14 2 4 1 1 6 8 9 7 0 2 11 9 2 1 1 1 4 1 11 15 7 20 32 7 1 1 0 4 0 4 9 5 4 2 4 5
2 5 5 7 4 6 1 4 9 17 27 6 0 2 0 6 10 5 23 11 0 3 2 0 2 7 3 7 4 2 7 4 11 14 53 5 1 3 2 10 4 13 10 6 0 7 10 6 8 14 10 5 9 4 7 18 8 11 44 13 2 3 4 3 9 5 17 11 2 8 7 5 2 12 1 5 3 18 12 13 7 16 29 18 0 1 2 6 0 10 5 2 1 2 2 2
14 8 14 7 12 6 9 5 7 26 58 13 1 4 4 3 17 9 37 22 2 3 8 1 7 7 6 13 6 10 5 8 14 23 67 15 1 5 5 3 5 11 23 7 1 12 9 2 6 11 6 5 10 16 15 5 18 39 53 17 2 3 2 3 7 10 17 11 4 10 3 3 10 5 3 8 9 5 8 11 11 8 25 11 5 2 3 4 2 5 9 8 3 0 7 4
5 12 2 3 10 14 7 11 22 18 47 10 3 8 3 2 20 14 37 11 0 1 6 4 8 5 6 12 9 10 7 7 18 27 69 24 0 7 6 3 9 7 18 15 1 6 13 11 8 14 21 4 13 7 4 13 11 23 64 25 2 6 2 0 13 24 17 6 5 8 6 7 5 4 0 7 8 16 15 21 6 12 26 13 0 5 0 2 7 13 11 12 1 1 7 7
20 3 5 12 4 6 3 4 8 13 52 9 4 3 4 2 7 12 13 14 0 1 6 0 1 6 1 9 4 2 5 7 13 24 48 9 1 4 2 5 2 10 13 6 1 7 3 5 14 12 6 16 2 12 17 3 15 19 44 16 0 2 1 1 4 10 8 10 1 1 11 6 2 5 3 5 11 4 0 12 7 18 27 10 2 1 0 5 0 11 2 7 1 2 4 7
11 6 5 4 8 7 4 10 12 6 37 17 4 1 0 6 12 9 22 8 0 3 2 0 0 4 4 10 5 4 8 1 13 17 62 9 0 5 1 2 2 17 13 5 1 8 11 3 7 12 6 11 16 14 6 2 14 9 41 26 1 0 1 1 6 5 11 5 2 3 11 4 2 3 0 5 5 14 2 15 9 17 38 7 2 0 0 0 0 13 13 8 1 3 3 7
3 3 6 8 9 3 5 7 8 12 43 9 2 4 6 5 12 15 17 17 1 2 2 0 6 6 3 3 2 10 8 12 13 27 51 6 0 1 0 4 3 12 11 7 0 13 8 4 6 5 10 7 3 10 6 12 7 50 41 19 1 3 0 0 2 5 7 14 2 2 7 2 2 1 0 4 7 11 1 11 8 21 42 11 1 1 0 1 0 15 7 4 0 2 1 3
5 0 3 7 2 7 5 5 16 9 56 8 1 5 4 2 18 10 15 16 2 1 5 0 5 3 3 10 3 4 8 12 11 29 65 14 1 1 1 3 7 8 20 6 0 3 11 6 8 6 10 6 13 12 10 1 4 10 44 12 1 3 1 3 6 6 13 6 4 5 11 2 7 7 1 4 5 11 8 11 7 9 31 4 0 3 0 0 8 4 19 6 1 2 0 3
2 8 4 2 1 5 5 5 6 12 38 6 2 5 1 4 18 11 16 4 1 3 5 1 4 2 5 7 2 5 6 4 6 19 52 9 0 5 3 4 3 6 13 7 1 7 9 4 8 4 2 7 4 6 8 5 6 10 43 13 0 3 2 1 2 11 14 4 3 4 4 2 3 1 2 1 3 4 2 17 9 9 25 8 0 1 0 0 0 5 7 5 1 1 2 0
8 3 2 3 3 11 2 9 10 9 45 13 0 1 1 2 6 9 16 16 0 2 6 0 3 5 2 5 6 6 6 3 7 22 47 12 4 6 6 1 6 9 15 15 1 5 8 2 8 7 8 3 13 6 9 5 9 18 44 16 1 0 0 0 4 5 9 7 5 5 4 2 1 3 1 5 7 7 5 10 5 12 29 11 0 1 0 2 6 4 16 2 0 3 2 7
2 5 8 9 2 4 4 3 7 17 49 15 0 0 7 3 7 19 23 9 0 3 3 0 0 1 5 7 6 9 9 4 13 22 60 11 0 10 5 1 4 8 7 5 0 2 7 0 4 4 6 4 5 7 6 9 8 18 42 16 3 2 1 1 5 14 10 5 2 7 6 0 5 4 1 8 6 16 8 11 12 14 25 12 1 0 0 6 3 9 8 2 0 1 3 10
11 6 5 8 5 13 10 10 12 18 62 9 5 4 3 2 18 11 34 18 0 5 1 3 5 6 4 11 6 7 12 6 25 28 67 19 1 5 4 3 6 9 25 12 3 5 12 5 13 9 11 11 9 14 15 22 11 40 56 15 0 0 3 2 2 11 17 5 2 10 5 6 3 6 2 6 3 12 3 9 7 7 27 16 1 0 2 5 3 12 10 6 1 2 8 2
3 2 4 7 3 7 3 5 13 7 49 7 0 2 3 5 16 4 11 9 4 6 4 2 1 2 4 7 4 5 4 0 11 19 53 7 0 1 3 4 7 7 2 4 1 11 10 1 13 10 4 15 7 10 7 9 8 17 45 20 2 1 0 0 4 6 5 6 3 1 6 3 3 0 2 8 5 7 11 19 6 21 30 5 1 1 0 0 0 9 14 1 1 0 2 2
8 7 7 11 3 3 7 2 11 13 43 9 0 1 2 3 12 6 29 17 0 1 4 1 1 4 6 4 6 4 3 3 9 24 58 12 1 2 3 2 3 6 17 10 1 4 15 2 3 3 6 3 15 8 13 4 4 23 36 9 2 1 0 0 4 11 11 13 2 2 2 2 5 4 4 9 2 4 8 5 3 10 25 10 2 3 0 1 3 4 8 2 0 2 3 4
9 2 6 5 3 3 3 3 7 17 47 6 1 3 2 4 7 11 14 8 0 4 4 2 0 1 2 7 5 6 4 2 7 20 48 8 0 5 2 5 1 16 11 8 1 8 5 4 3 11 4 4 8 6 0 11 10 20 29 4 0 1 1 0 6 9 11 4 1 1 10 6 2 1 1 3 4 4 4 14 8 16 27 5 0 4 0 1 2 5 6 2 0 1 0 3
14 2 6 5 3 4 3 3 10 18 48 8 1 3 0 4 7 11 14 11 0 4 5 2 0 1 3 7 5 6 4 2 5 20 51 7 0 5 3 6 1 14 11 7 1 4 6 4 3 9 4 4 8 7 3 11 11 20 30 10 0 1 1 2 6 7 12 7 1 1 5 7 6 1 1 3 4 5 2 14 9 17 26 7 1 4 0 3 2 2 6 2 0 1 0 3
8 11 9 3 8 3 0 2 2 3 4 2 2 1 5 6 6 0 5 2 0 0 1 0 20 10 22 10 7 1 0 6 11 8 8 8 2 2 8 8 3 5 3 3 0 3 1 0 11 10 10 6 1 9 7 0 13 4 12 9 1 1 1 4 0 6 1 0 0 0 2 1 1 16 2 8 5 2 0 4 8 10 4 4 1 2 7 2 0 2 0 0 0 0 1 0
17 6 12 8 4 1 5 2 2 2 6 1 0 2 8 2 6 4 9 6 4 0 5 0 27 20 16 10 6 3 2 8 10 14 18 2 1 3 14 2 1 1 6 0 0 0 2 0 9 23 19 19 4 3 4 2 4 9 3 9 5 1 4 3 2 3 8 3 0 0 2 0 10 14 7 15 3 1 4 7 15 8 1 10 3 0 3 3 1 0 3 3 3 2 1 0
17 11 13 18 7 4 6 9 18 3 10 4 5 4 14 0 11 2 10 5 5 2 1 0 51 26 17 18 7 7 4 6 24 7 23 13 1 10 17 2 2 3 8 1 0 3 0 2 37 22 30 18 5 10 2 8 8 10 11 11 4 6 11 1 17 2 8 5 1 0 3 0 17 29 10 20 3 6 0 6 14 12 10 2 0 5 6 12 3 5 12 3 0 0 0 0
7 9 1 6 1 2 2 0 9 7 49 5 0 4 3 5 10 12 30 11 0 1 3 4 14 24 16 22 6 1 11 3 6 15 42 15 3 4 6 6 10 12 46 10 0 2 10 4 5 20 12 18 2 3 2 0 22 35 108 26 5 1 2 3 16 11 21 7 1 1 3 6 5 9 3 17 10 7 0 18 6 10 22 8 4 3 1 6 0 1 11 7 0 4 2 3
10 6 7 18 6 3 4 6 3 1 9 3 1 4 5 7 10 1 4 8 2 0 0 0 25 16 21 14 3 3 3 0 15 15 7 8 4 6 20 7 5 1 11 5 1 0 9 2 25 13 8 8 2 5 7 2 6 3 3 8 2 1 9 4 1 6 2 2 0 1 0 0 19 18 5 23 5 5 2 11 10 16 4 7 1 3 1 5 1 2 3 1 0 1 1 0
27 13 5 12 11 7 4 9 12 8 7 6 3 4 3 0 8 2 14 6 1 0 0 0 32 44 19 33 1 12 11 6 14 18 14 10 2 7 18 10 3 5 8 7 0 4 2 1 19 27 24 12 2 10 4 2 9 18 8 3 2 0 16 6 15 5 7 3 1 0 2 2 27 34 21 21 14 8 3 12 15 3 10 7 4 7 5 6 1 8 5 3 2 1 1 0
9 2 0 3 9 0 2 0 2 9 6 3 1 1 0 0 7 3 3 0 0 0 1 0 12 13 8 21 3 3 1 2 3 15 5 6 2 3 7 3 2 4 8 2 0 1 0 0 5 1 7 8 1 8 7 2 7 3 13 2 4 0 7 3 0 0 0 2 0 0 0 0 13 10 4 13 21 10 6 12 27 10 3 10 6 1 2 1 5 1 1 0 0 0 1 0
6 10 5 4 6 1 2 1 8 3 3 3 2 0 1 0 9 0 6 2 0 0 0 0 12 5 16 5 3 2 12 0 2 12 13 4 1 1 3 5 5 1 8 0 0 0 5 0 3 11 12 4 0 1 3 4 2 3 7 2 0 0 1 0 2 0 2 1 0 0 2 0 5 8 6 6 19 6 0 28 37 13 12 33 5 0 3 0 2 2 0 2 0 0 1 0
12 12 4 8 5 0 5 0 8 5 3 4 2 1 12 0 7 1 20 11 1 3 3 2 30 44 28 7 4 3 2 10 10 19 16 21 0 4 24 6 1 5 2 5 0 0 4 2 11 14 13 20 4 4 1 1 9 8 8 15 2 1 8 6 12 6 5 3 0 3 4 3 9 30 9 13 4 7 4 2 11 12 4 10 2 2 3 0 5 0 3 3 0 0 0 0
10 9 15 12 4 7 0 0 5 2 7 5 4 2 4 1 4 2 3 4 3 2 0 0 23 31 11 16 3 7 3 2 5 15 10 3 1 1 10 5 1 1 3 4 1 1 0 0 16 8 11 4 2 0 2 2 4 6 9 1 3 3 6 1 2 1 4 2 3 0 0 0 9 27 3 12 6 5 9 7 3 4 2 2 0 3 2 3 1 0 2 0 0 0 0 0
8 14 4 5 0 0 3 2 8 9 6 8 2 4 2 0 3 2 2 2 0 0 0 0 22 17 12 8 1 7 2 4 12 30 8 27 1 5 7 1 6 4 10 1 0 0 0 2 8 19 19 6 2 3 1 5 5 4 0 6 4 1 1 2 2 3 3 3 0 0 2 0 3 13 13 11 6 3 0 7 7 7 8 0 0 0 3 0 2 1 0 2 0 0 0 0
21 16 22 16 5 4 3 8 9 10 3 8 2 7 8 4 14 2 5 4 1 0 3 0 37 34 40 21 7 15 10 4 10 12 11 19 4 8 16 7 10 2 11 6 2 2 2 0 17 25 34 13 6 5 6 9 7 12 6 11 6 1 5 1 13 3 2 3 0 0 0 2 8 26 23 25 2 4 7 14 11 17 2 12 9 9 5 3 4 2 7 6 5 0 1 2
16 0 2 1 2 2 3 3 6 2 0 5 0 0 2 0 10 0 8 4 0 7 0 0 24 21 7 8 1 5 6 1 19 13 12 5 4 4 14 3 3 3 6 4 0 1 1 2 9 10 10 4 0 0 4 1 10 3 8 6 5 2 1 2 2 1 4 9 0 0 0 1 9 7 5 9 3 1 0 1 4 7 2 9 5 3 1 3 0 0 0 0 0 1 0 3
25 25 19 24 4 0 2 4 7 4 6 1 4 2 7 0 0 1 5 4 0 7 0 0 43 52 33 44 2 7 8 4 12 13 18 9 7 5 23 10 2 5 0 3 0 0 2 2 17 28 27 18 7 13 7 8 7 8 6 8 6 2 8 1 1 3 8 4 0 0 1 1 19 33 15 31 5 7 0 3 10 7 3 7 2 0 1 1 2 3 2 1 1 0 5 0
15 11 9 11 6 5 3 3 4 7 1 1 2 4 4 0 10 1 7 10 0 2 1 0 29 27 21 20 4 5 6 13 6 10 16 19 4 6 12 4 1 4 10 5 0 0 1 0 18 23 25 10 7 15 16 7 7 10 8 0 1 1 6 3 10 6 12 4 0 2 2 0 30 21 7 22 6 11 1 12 9 15 8 10 0 4 4 3 2 4 5 2 1 5 2 4
19 15 13 14 6 2 7 6 7 3 4 3 0 2 9 3 8 0 8 3 0 0 5 0 26 25 28 8 8 4 4 5 17 8 8 5 1 1 19 2 5 1 8 0 3 0 6 0 12 7 19 18 0 6 1 6 5 10 7 6 6 3 3 1 2 3 6 3 1 0 5 2 23 24 12 22 10 15 6 7 14 10 10 12 0 7 0 3 4 0 8 5 2 0 4 0
13 9 10 15 5 8 3 6 9 10 8 3 6 1 1 1 6 4 14 1 0 0 0 0 26 20 12 18 3 3 6 8 16 4 7 1 4 7 15 5 3 3 6 6 2 0 7 2 17 19 17 10 1 13 6 2 12 10 8 9 3 1 1 7 2 1 6 2 4 2 5 1 10 18 9 15 8 3 0 4 17 11 7 10 4 2 3 5 0 5 2 5 0 1 2 2
32 24 18 15 15 1 1 2 9 6 11 10 2 4 4 2 21 1 18 1 0 3 2 1 50 61 33 26 6 10 4 12 10 11 24 20 4 11 17 6 9 3 9 12 2 2 8 7 27 26 21 23 6 13 3 5 12 8 8 9 11 11 19 6 2 5 11 3 1 5 9 1 28 27 9 31 12 14 6 16 17 18 4 20 8 2 6 5 1 9 7 9 2 3 2 2
17 6 7 2 2 2 3 0 3 7 10 3 1 1 8 4 8 1 5 7 0 1 3 0 17 11 17 17 2 2 1 4 7 12 15 6 0 13 7 9 2 2 5 2 2 2 5 1 10 13 25 12 0 8 7 1 7 3 12 8 3 1 15 1 1 4 3 6 0 2 2 0 5 17 8 5 13 14 3 8 11 7 9 9 0 3 3 1 8 5 6 2 2 0 1 2
2 5 17 5 2 1 1 9 5 7 8 3 2 0 4 2 3 0 12 4 0 0 1 3 21 16 16 13 3 1 3 3 12 7 5 6 0 1 7 2 3 8 5 10 1 2 3 2 10 8 5 7 0 5 4 2 4 3 13 4 0 8 3 0 7 3 6 2 0 4 0 2 13 12 4 9 6 6 1 20 10 5 4 14 1 1 0 2 3 1 1 2 1 0 0 1
15 6 8 3 8 5 1 0 1 1 4 1 5 1 0 1 6 5 5 2 1 0 0 0 17 19 8 15 5 1 2 2 9 5 9 5 5 2 7 5 3 17 7 2 0 0 1 0 10 6 13 2 0 5 4 2 2 12 7 3 0 2 6 0 4 1 1 3 2 4 28 0 16 15 4 10 12 13 2 0 6 5 1 4 3 0 2 6 5 0 2 2 0 0 0 1
7 12 5 4 6 3 0 2 12 1 4 1 4 1 9 1 10 2 13 3 0 1 0 2 20 22 10 13 1 2 4 1 3 13 7 15 0 7 8 4 2 0 5 10 1 2 0 3 12 12 8 10 3 4 1 0 2 5 1 9 0 1 7 0 13 1 2 7 2 0 5 0 6 16 1 7 2 7 13 7 5 18 4 7 4 6 1 3 0 2 3 1 0 1 2 0
7 14 14 6 6 3 5 0 5 2 3 11 4 3 9 1 9 6 5 6 2 0 2 0 18 16 14 14 9 5 6 6 9 7 7 18 7 4 19 3 7 1 7 1 0 0 7 0 13 18 22 6 2 9 3 3 11 3 8 2 2 1 2 1 6 1 6 1 0 1 1 0 15 34 8 17 11 10 1 9 23 13 9 17 3 3 2 4 3 0 2 1 2 0 4 1
30 8 11 3 5 1 11 4 12 3 10 1 4 4 2 7 9 3 14 4 0 0 3 0 20 30 13 21 8 5 2 4 19 5 11 15 2 8 10 8 1 0 6 5 0 1 2 1 22 14 25 10 7 5 7 4 5 5 12 4 5 2 7 3 9 6 4 7 1 0 5 0 15 16 10 8 4 4 6 6 7 8 0 6 2 0 2 4 1 2 9 2 0 0 1 1
10 10 3 4 3 7 2 1 12 6 5 1 2 3 4 1 2 0 9 1 0 0 2 0 15 14 11 7 4 1 3 6 13 5 24 8 0 6 6 7 1 2 7 12 0 2 4 3 14 10 11 10 0 0 5 5 5 10 7 4 0 0 8 0 5 2 2 0 0 2 1 1 10 15 4 12 5 7 1 8 2 7 3 10 0 1 5 1 3 1 1 0 0 1 0 0
7 10 2 13 4 5 0 1 4 2 10 2 0 2 10 1 8 3 5 3 0 0 0 1 13 14 17 4 1 4 2 2 4 6 11 8 5 5 10 0 4 4 2 2 0 2 3 0 5 9 21 14 3 2 8 8 10 5 12 7 3 0 1 3 2 3 5 2 0 0 7 0 18 20 1 10 15 4 3 23 13 17 8 3 3 4 7 1 5 4 3 3 1 1 0 1
10 5 8 11 10 4 1 3 8 9 14 2 4 3 0 3 3 1 11 1 2 0 0 1 36 34 11 16 9 5 6 4 4 13 7 12 1 4 14 4 10 5 11 3 0 3 3 1 8 23 7 7 5 2 13 2 9 4 7 6 2 3 4 2 8 1 3 0 0 0 0 0 11 19 5 15 6 4 3 8 7 14 6 8 5 3 4 1 1 1 2 3 0 0 1 1
12 6 12 5 6 2 1 2 3 8 5 2 0 2 1 0 4 8 11 0 2 0 2 1 18 19 16 11 4 2 6 5 9 10 6 11 2 6 7 7 3 5 4 7 0 0 4 3 6 17 7 18 0 5 8 4 9 10 17 13 5 1 4 0 9 3 4 4 0 0 0 2 6 15 7 14 3 7 3 10 4 13 5 11 1 1 2 0 2 5 5 0 0 1 5 1
10 7 18 8 7 4 2 8 12 8 10 5 0 3 8 3 12 1 10 3 0 0 0 0 49 41 35 27 16 12 8 9 8 19 22 7 4 8 9 9 3 7 4 7 0 0 2 1 16 38 34 6 7 11 4 4 8 14 10 6 0 2 16 5 4 5 5 7 0 0 5 1 16 57 10 27 7 9 2 2 5 17 10 7 3 2 12 3 4 6 0 0 0 2 1 5
7 5 8 1 6 4 3 3 9 4 9 4 2 0 11 1 5 3 19 8 0 1 3 0 20 14 15 10 2 5 4 11 18 3 15 2 2 5 7 0 3 3 12 3 0 2 4 3 18 10 20 11 2 6 4 5 3 5 8 7 4 1 5 1 8 0 7 5 1 0 4 0 10 22 15 8 1 5 5 5 5 6 1 4 0 0 0 3 3 2 5 5 0 3 0 2
3 8 17 4 3 1 1 4 8 2 5 3 2 1 2 5 8 0 9 15 3 0 1 0 7 7 11 7 8 1 3 2 3 10 17 9 4 4 12 9 0 0 13 5 0 0 2 3 11 9 8 4 2 4 3 0 5 13 7 1 6 1 6 3 12 2 10 3 0 4 3 0 5 6 7 12 8 2 4 16 6 18 5 8 6 0 1 2 3 0 1 1 0 0 1 1
6 15 19 12 8 3 2 3 6 3 5 2 1 3 3 3 6 5 14 6 0 0 1 0 16 21 25 18 4 3 6 5 7 6 14 8 5 0 16 7 11 2 8 4 0 0 5 2 18 9 16 19 3 2 8 2 5 6 10 2 2 2 13 5 8 2 6 7 1 0 2 0 14 15 4 20 7 7 6 16 17 10 11 8 2 0 2 1 1 1 1 0 0 0 0 2
6 6 7 0 0 5 1 3 8 5 2 0 0 1 3 4 3 0 12 5 0 1 0 0 5 15 10 10 3 3 6 0 11 3 5 7 0 0 7 8 1 1 6 10 0 0 3 1 6 11 6 13 3 0 2 0 1 6 9 2 4 4 6 1 5 0 4 3 5 0 2 0 10 14 7 4 17 14 12 12 20 2 9 7 3 3 1 0 3 0 0 1 2 2 0 0
10 13 8 9 8 0 0 1 3 1 6 5 3 6 6 7 10 2 20 4 6 0 0 0 28 13 27 17 2 5 3 2 6 18 8 10 4 4 8 6 2 0 9 4 1 1 3 0 15 15 14 5 4 7 11 4 12 17 16 2 1 4 11 2 3 1 7 5 0 3 0 0 13 21 13 19 2 3 2 14 9 21 8 7 0 4 1 8 7 0 3 3 2 0 2 2
24 9 20 1 11 1 1 0 8 7 2 5 2 7 8 3 4 4 8 6 1 0 1 0 29 21 22 19 2 5 2 3 9 17 10 10 3 0 12 1 2 6 8 2 3 1 6 6 29 17 9 14 5 5 7 0 7 4 5 7 7 0 0 4 6 0 1 6 0 1 16 0 20 27 12 17 2 6 1 10 9 13 6 13 0 3 1 0 0 0 4 2 0 0 6 2
31 16 15 15 6 6 5 5 13 4 8 5 3 1 10 2 9 7 9 5 0 2 4 0 38 28 37 29 13 19 13 5 24 15 25 16 1 14 19 13 4 2 12 9 2 0 1 5 21 23 20 13 11 16 10 0 7 9 4 2 0 4 5 4 8 6 12 3 0 0 7 0 26 30 8 15 11 9 4 21 12 13 12 14 3 3 1 4 0 1 8 5 0 0 6 2
17 11 15 12 5 10 7 3 15 9 16 6 4 2 3 1 15 10 14 6 0 3 2 0 39 33 27 27 12 13 12 7 16 7 20 19 4 4 17 16 2 11 9 7 2 4 5 0 7 23 19 22 10 11 8 4 11 12 11 8 2 4 5 11 14 5 4 4 1 0 0 1 16 30 16 27 2 12 3 7 12 21 6 19 5 2 2 6 5 8 1 4 0 2 1 0
8 3 5 4 6 3 2 1 5 5 6 2 2 1 6 1 4 1 6 6 1 0 0 0 14 13 15 14 4 11 11 1 7 12 21 14 0 3 4 6 0 2 6 2 0 0 2 0 14 13 11 9 3 2 0 4 18 7 2 4 3 1 10 1 1 3 4 3 0 0 2 0 14 25 11 6 12 4 1 8 11 3 6 4 2 1 3 0 0 0 2 0 0 0 1 0
14 6 6 8 3 4 4 2 6 1 6 0 0 0 5 1 5 3 5 6 0 1 0 0 19 32 13 16 1 1 3 8 6 10 12 12 4 2 5 9 6 1 4 2 3 0 4 1 10 14 17 15 2 10 4 4 11 11 6 14 6 4 5 3 5 3 7 10 0 0 1 0 6 18 8 14 1 4 0 7 10 17 6 4 0 1 10 2 3 3 3 2 0 1 1 0
7 12 7 12 4 3 3 3 2 5 5 2 4 2 3 4 10 1 1 0 0 0 2 1 42 45 42 20 9 11 5 5 8 13 6 13 0 3 15 2 7 20 7 5 0 0 1 2 14 30 20 17 7 8 5 1 13 8 15 2 5 7 8 3 6 4 9 1 0 3 24 0 22 30 19 11 11 25 2 6 11 3 1 15 0 3 4 1 1 1 5 1 0 4 3 1
18 4 1 4 2 1 0 6 4 6 6 2 0 3 1 2 9 2 11 3 2 0 1 2 17 15 11 9 4 3 0 1 6 4 12 10 0 8 2 6 5 1 6 1 0 2 2 2 13 11 21 8 3 0 1 0 7 5 10 4 4 1 3 4 0 3 11 5 1 2 1 0 19 13 11 24 17 7 4 9 11 10 6 3 0 1 5 0 0 0 2 0 0 0 1 0
13 10 6 6 2 0 2 3 3 3 5 0 2 0 4 0 10 2 9 7 1 0 2 0 8 32 21 16 5 0 7 1 14 7 15 18 12 3 12 2 2 0 13 0 1 1 4 4 13 14 21 9 4 4 2 3 6 6 1 4 0 1 3 0 5 4 5 0 2 0 5 2 11 25 6 18 2 1 1 5 1 24 2 4 3 0 4 6 2 0 0 0 0 0 2 0
13 5 5 3 10 2 2 0 5 3 5 7 5 5 3 2 3 2 8 8 0 0 1 0 18 20 38 30 2 3 5 10 13 4 14 10 3 0 7 2 6 1 16 5 0 2 3 1 8 14 11 8 2 0 7 7 12 9 2 9 4 9 10 3 1 4 6 5 6 0 2 1 17 15 13 10 6 14 1 12 4 4 7 8 0 1 4 0 3 1 3 2 0 2 0 0
17 18 19 5 3 3 7 4 11 9 21 13 5 4 8 5 8 7 14 3 2 0 4 0 66 61 47 46 12 11 21 10 14 30 26 16 2 12 25 9 12 3 9 17 1 2 6 5 16 62 36 12 4 11 18 3 23 10 21 23 5 3 11 7 5 2 5 10 3 4 4 2 30 48 16 31 15 14 6 12 10 21 8 12 3 3 13 6 4 0 2 2 0 2 1 2
33 28 23 24 8 4 4 3 14 5 11 8 5 2 7 11 4 1 8 5 1 0 0 0 68 87 59 49 9 14 20 4 25 14 9 20 13 16 26 9 1 3 13 2 0 0 7 1 50 46 42 24 15 19 13 11 15 14 12 13 6 2 3 3 7 3 4 1 0 2 0 0 33 37 17 33 10 17 11 22 10 7 9 8 3 3 21 8 3 0 1 1 1 0 6 2
6 3 14 3 3 3 2 2 4 4 4 1 6 1 7 0 4 3 4 2 0 0 0 0 8 12 7 6 5 4 1 6 4 3 6 7 0 6 13 1 2 1 2 0 0 1 2 0 11 15 7 3 0 4 1 9 10 9 15 7 4 1 5 2 5 8 6 7 0 0 0 6 9 28 6 15 55 24 5 36 58 26 20 26 0 1 7 1 0 0 3 0 0 0 2 1
14 8 9 5 3 1 0 2 19 4 4 1 0 4 2 1 16 2 9 4 0 0 0 0 9 26 19 11 2 5 2 3 21 17 21 15 7 6 18 5 5 5 9 6 0 0 2 0 11 20 5 7 4 4 3 1 6 4 8 10 4 4 4 1 1 5 11 4 4 2 2 2 18 20 10 14 2 12 7 11 15 12 5 10 1 0 7 1 4 6 6 1 0 0 3 2
27 15 17 4 5 8 1 7 5 2 6 0 6 1 6 4 8 5 7 3 0 2 0 1 24 31 19 14 5 4 4 7 13 7 12 8 4 9 22 4 0 9 11 3 0 1 4 9 22 18 19 7 3 15 6 2 11 9 6 1 7 7 13 7 5 1 2 6 0 1 20 0 19 45 7 13 45 16 8 52 66 22 29 26 3 0 0 3 1 1 1 1 0 2 2 0
12 13 0 6 5 9 5 4 3 6 4 10 3 2 8 4 9 5 20 5 2 0 1 0 27 32 20 25 6 2 6 7 13 10 16 12 3 13 21 9 3 1 14 6 0 0 8 0 24 28 17 12 4 7 3 4 6 9 9 7 6 6 6 1 4 6 9 8 0 2 5 4 16 29 6 26 13 4 3 8 6 14 6 12 3 3 3 4 1 0 4 3 0 2 1 0
14 6 7 1 3 0 0 1 7 1 3 0 1 4 7 0 1 3 4 0 1 0 0 0 15 26 18 7 3 4 4 7 5 13 9 3 0 0 18 3 0 0 2 3 0 0 0 0 4 9 25 4 1 5 7 5 0 2 8 2 0 2 4 1 1 1 4 1 0 0 0 3 15 28 11 8 5 16 0 4 4 7 5 4 0 0 9 1 1 0 0 3 0 0 0 0
1 2 5 10 0 2 0 0 3 8 2 1 2 1 7 0 2 1 2 4 0 0 1 0 20 25 10 10 1 0 8 8 7 5 12 17 0 2 8 4 3 3 8 7 1 0 6 2 7 16 14 1 6 3 4 6 4 3 5 2 3 3 5 0 4 0 5 3 0 0 2 0 10 14 7 6 3 9 0 4 9 14 3 3 0 3 6 2 1 0 2 0 0 0 0 1
5 2 14 6 1 1 1 7 7 3 4 7 8 3 1 0 5 2 16 6 0 3 0 0 17 7 12 13 2 3 0 3 11 9 8 19 3 0 11 6 2 10 9 5 0 1 12 1 5 19 6 5 2 5 1 0 5 7 5 3 3 0 11 9 5 0 3 0 2 0 9 0 3 15 5 12 6 8 0 6 13 5 8 6 0 4 0 1 1 2 2 1 0 0 2 0
6 3 3 3 6 0 0 0 7 2 8 2 0 2 3 0 9 5 5 1 0 1 1 0 8 3 11 8 2 4 1 4 7 6 3 3 2 1 8 9 0 2 4 5 1 0 0 0 20 7 9 4 9 6 5 1 7 9 8 2 1 0 4 4 11 6 4 3 0 0 10 0 11 16 4 7 10 2 8 18 19 18 13 13 0 2 0 3 2 0 4 4 1 0 0 1
15 8 6 7 1 3 4 1 8 1 2 10 0 5 0 3 6 1 11 4 1 0 0 0 19 33 21 13 5 16 1 4 23 3 19 15 3 8 22 4 5 2 12 4 3 0 7 0 16 14 16 13 4 4 9 1 7 9 8 4 3 1 6 2 5 6 2 2 0 5 1 1 12 32 18 17 14 7 2 2 16 9 4 7 2 2 4 0 1 0 0 4 0 1 1 0
5 10 9 3 4 5 1 2 2 3 7 3 1 4 4 0 4 1 10 3 0 0 1 0 11 14 17 7 1 8 2 2 14 11 13 8 2 7 5 5 5 3 3 1 1 1 2 0 4 16 11 7 2 2 1 6 3 2 7 5 4 2 2 3 2 5 10 3 3 0 4 0 8 15 1 16 8 4 8 8 9 3 6 3 0 3 0 0 1 5 0 2 0 1 1 1
20 13 9 22 8 6 0 4 7 6 5 1 1 3 5 2 3 4 7 10 0 0 2 0 21 26 15 22 1 3 5 11 14 9 16 13 2 4 16 13 0 9 13 5 0 1 1 1 33 9 11 25 2 12 4 3 5 10 6 11 9 3 8 2 8 1 0 2 0 1 6 1 19 20 8 16 3 7 1 4 7 8 5 1 1 3 3 0 1 1 0 3 5 1 0 1
12 19 8 15 1 1 0 2 4 3 3 5 3 5 14 1 14 0 19 3 0 1 1 0 25 28 16 34 0 6 3 7 5 5 7 12 1 7 20 10 4 1 4 5 0 0 1 2 18 15 11 11 4 1 5 2 4 12 0 1 3 2 8 2 9 0 2 5 0 0 3 1 22 26 5 22 2 2 0 1 1 11 4 6 1 2 2 0 0 1 4 1 1 0 1 0
14 10 7 9 7 5 12 10 8 25 44 12 1 2 3 1 14 12 23 2 0 8 5 2 10 5 13 15 11 5 4 3 17 38 57 20 1 7 2 1 9 11 21 8 1 11 8 7 9 9 12 10 9 12 10 10 9 26 51 22 1 0 2 3 6 12 14 12 4 4 11 2 8 16 2 24 6 16 7 18 11 25 46 12 1 4 2 0 6 6 20 5 2 1 2 5
4 2 2 0 5 2 1 1 11 17 50 6 0 0 0 0 4 4 25 8 0 0 3 0 2 1 4 1 3 9 5 5 2 12 55 12 0 2 5 0 5 4 21 3 0 2 2 1 0 4 2 0 0 1 3 1 8 9 32 8 1 0 2 2 3 7 16 8 2 0 0 1 3 0 2 0 4 1 2 5 12 10 20 6 0 0 0 0 8 2 6 4 0 4 1 4
4 10 7 1 7 1 0 1 11 15 58 9 0 0 0 1 7 4 37 10 0 0 1 0 2 6 6 4 2 4 1 6 6 11 57 11 0 1 4 2 4 3 20 7 0 3 2 2 1 5 4 0 0 0 3 1 7 5 32 16 0 0 2 0 5 11 13 5 0 1 0 0 1 1 0 1 0 0 2 7 7 8 26 5 0 0 1 0 5 0 4 3 0 3 1 6
5 2 2 0 2 0 0 3 5 19 38 6 2 0 2 0 4 2 37 14 0 1 0 0 1 1 2 0 5 9 4 6 6 4 63 6 0 3 6 1 3 3 15 7 0 2 0 0 2 1 3 2 0 0 5 0 10 6 20 10 3 0 4 0 0 7 17 7 0 1 1 0 0 0 0 1 0 2 0 6 11 10 30 4 0 0 0 0 2 8 2 9 5 3 2 1
4 2 3 0 1 0 1 0 13 15 34 15 0 2 0 1 9 1 36 16 2 0 0 0 0 2 3 0 6 7 4 5 4 7 45 8 0 3 5 1 5 2 20 5 0 1 0 1 0 2 3 0 0 4 3 0 6 7 21 1 1 0 3 0 3 7 18 8 0 0 2 0 6 0 0 4 5 4 2 5 3 9 16 15 0 0 0 0 2 4 3 4 0 1 1 0
4 0 1 0 1 0 0 0 11 12 42 17 0 0 1 1 3 5 35 9 0 0 2 0 1 2 2 0 2 12 5 5 8 11 44 8 0 1 5 0 6 6 23 3 2 2 5 3 0 8 0 0 4 2 1 1 8 4 22 5 0 0 2 0 6 7 11 6 0 1 0 0 1 2 2 0 2 3 2 5 6 11 15 4 0 0 0 0 12 6 3 6 0 2 0 3
4 3 2 0 3 2 0 0 3 8 23 12 0 0 1 0 6 2 26 10 0 0 0 0 2 1 1 0 1 9 7 2 7 10 47 8 0 1 3 0 5 6 22 5 1 2 2 0 2 3 0 0 1 1 1 0 2 10 33 5 1 0 0 0 1 9 12 6 0 0 0 0 0 2 0 0 2 3 1 4 3 7 13 11 0 0 1 0 6 2 4 4 2 2 1 1
4 0 1 0 3 2 0 1 11 21 33 20 1 0 1 0 2 2 24 6 1 0 0 0 0 1 3 3 4 6 4 7 4 10 59 7 0 4 4 1 4 7 22 13 0 2 0 1 0 5 2 0 0 3 5 0 8 4 18 8 1 0 3 1 2 4 23 8 1 0 0 0 1 2 0 0 2 3 6 5 6 12 17 5 1 0 0 0 7 4 4 1 2 1 1 3
4 2 3 0 2 2 0 1 5 15 31 12 1 0 0 1 5 2 23 12 0 0 2 0 1 0 0 0 3 15 7 5 8 4 48 4 0 0 4 2 5 4 21 4 0 1 0 0 0 4 5 0 0 1 3 2 6 10 34 6 1 1 2 0 6 11 18 14 0 2 1 1 3 1 1 0 2 4 0 7 7 7 23 7 0 0 0 0 6 4 0 3 2 1 2 5
2 1 2 0 3 3 0 2 7 10 44 5 0 0 1 3 6 4 26 8 0 0 0 0 1 2 0 1 4 6 3 4 11 3 48 8 0 2 3 0 3 7 19 3 0 3 1 0 0 9 1 1 0 1 2 0 4 10 23 5 1 2 1 0 6 10 18 8 0 1 1 1 2 3 0 0 3 4 2 3 4 11 22 1 0 4 0 0 8 3 4 3 2 0 4 3
2 3 1 1 6 2 0 4 9 12 43 12 1 0 0 0 4 3 31 8 0 0 0 0 4 1 2 3 4 10 9 5 9 10 47 6 0 0 0 1 6 8 17 4 0 1 0 1 3 2 4 1 0 3 2 1 7 8 19 5 1 0 4 0 7 5 17 8 1 1 0 1 1 7 2 0 0 4 4 5 5 13 11 6 0 4 0 0 2 2 4 5 0 2 3 3
4 3 6 0 3 2 1 0 8 13 40 11 0 0 1 0 2 3 29 12 0 0 0 0 1 3 3 2 3 7 6 6 7 8 47 5 0 2 3 0 6 4 15 5 0 1 3 2 0 4 3 0 0 3 3 2 13 8 25 7 1 0 3 0 0 3 9 3 3 1 0 0 1 3 0 2 2 3 3 6 10 5 23 9 0 0 1 0 5 4 6 11 2 3 3 1
6 2 0 1 2 0 0 6 9 17 55 12 1 0 0 0 4 1 32 8 0 0 0 0 1 1 1 1 1 12 3 4 5 2 39 9 0 3 4 1 6 0 26 5 0 1 2 1 2 2 1 2 2 3 2 3 6 2 20 7 1 0 0 0 2 7 21 3 0 1 1 0 1 0 2 0 1 4 0 5 5 13 30 10 0 2 0 0 3 2 3 1 2 1 2 7
6 3 2 0 6 2 2 3 15 15 57 14 1 1 3 0 15 2 41 10 0 0 0 0 1 1 3 2 10 11 0 10 14 11 90 11 0 3 5 0 5 3 30 7 0 7 0 2 0 6 5 4 0 8 2 0 6 6 37 12 1 0 3 0 7 6 19 10 0 2 3 0 2 0 0 3 6 5 0 11 14 14 21 10 0 0 0 0 5 4 8 10 6 2 5 0
5 2 6 0 3 2 0 0 6 11 43 14 0 1 0 1 7 4 22 12 0 0 0 0 1 1 3 1 3 8 5 5 6 7 26 10 0 0 7 0 3 4 31 4 0 2 0 0 0 7 2 1 2 1 2 1 4 2 16 3 1 0 2 1 3 7 15 2 0 0 3 0 1 0 0 0 5 1 0 5 8 8 22 11 0 0 0 0 4 3 2 5 4 1 4 0
5 3 4 1 4 0 0 0 10 11 41 16 0 0 1 1 3 2 27 9 0 0 0 0 0 2 5 0 2 9 3 4 8 6 55 13 0 2 5 0 4 4 23 6 2 3 2 3 0 4 2 0 0 0 4 1 5 2 20 3 1 0 2 0 4 7 21 8 0 1 0 1 2 2 0 1 2 5 2 5 6 11 20 7 0 0 0 0 9 0 5 7 2 3 2 3
2 2 4 0 0 2 2 1 4 13 43 7 2 1 2 0 6 2 27 6 0 0 2 0 0 1 4 0 7 9 2 6 8 8 56 7 0 2 2 1 4 7 27 3 0 1 0 0 0 6 2 1 2 1 6 1 8 5 24 9 1 2 2 0 5 10 13 9 0 1 1 1 0 0 2 0 5 5 2 6 7 5 18 9 0 2 3 0 5 4 2 5 5 0 1 2
4 6 2 0 4 0 0 3 6 16 38 10 2 0 0 1 4 3 31 12 0 0 2 1 1 2 3 3 1 11 0 7 10 13 52 4 0 5 5 1 6 6 20 4 0 3 0 2 0 3 3 2 0 0 1 1 8 3 31 11 1 0 4 0 3 6 21 3 0 0 1 0 1 3 0 0 5 5 4 5 9 11 15 8 0 0 1 0 8 2 3 6 2 1 1 2
4 2 3 0 3 0 1 1 11 7 41 10 1 0 2 1 4 3 24 13 0 0 5 1 1 4 3 1 2 4 5 6 4 8 45 11 0 1 5 0 3 6 22 2 2 1 0 0 4 6 1 0 2 3 1 1 6 5 21 3 1 0 2 0 4 7 14 6 0 0 0 0 1 2 0 0 2 4 2 4 10 15 15 4 0 0 1 0 5 2 3 7 4 3 0 0
4 2 4 0 6 0 0 2 11 14 39 7 0 0 0 0 4 2 29 15 0 0 5 0 1 2 1 2 2 7 7 4 6 3 53 7 0 2 3 0 3 3 28 5 0 1 0 0 0 3 2 2 2 2 0 1 5 8 31 9 1 0 2 0 6 7 15 10 0 2 1 0 1 0 0 1 2 3 5 7 10 8 28 13 0 4 1 0 7 5 0 7 4 3 1 5
2 4 2 2 0 0 1 10 9 11 44 22 1 0 0 0 6 5 36 8 0 1 0 0 0 1 2 1 2 7 4 7 8 9 59 8 0 2 5 1 4 8 22 14 2 2 0 4 2 6 3 0 0 2 2 2 10 6 22 6 1 0 2 0 6 10 18 2 0 1 1 0 0 2 0 1 1 5 0 6 7 5 32 9 0 0 0 0 5 0 3 7 6 0 2 2
4 5 3 0 1 0 0 2 12 9 38 17 0 0 0 1 2 6 29 8 0 1 0 0 5 2 2 1 2 7 3 6 4 7 60 12 0 2 4 0 4 3 14 3 0 2 0 1 3 4 2 2 0 2 3 2 8 4 27 15 3 0 1 1 2 11 16 6 2 1 2 0 0 0 0 0 3 2 0 4 5 7 16 8 0 2 0 0 8 8 3 8 2 3 1 2
4 0 3 0 7 0 0 2 12 11 48 10 0 0 0 0 10 2 31 9 0 1 7 0 1 2 4 0 1 10 10 5 7 9 38 14 0 5 3 0 8 6 20 13 0 1 0 0 0 2 3 0 2 2 2 0 7 4 27 5 1 0 3 0 6 10 16 9 0 1 3 1 0 2 2 0 2 3 2 8 2 8 24 4 0 0 0 0 5 5 1 7 2 3 3 5
13 5 6 10 3 11 5 2 10 12 41 8 2 6 5 3 6 9 25 11 2 2 2 1 7 4 6 8 6 2 4 10 9 23 46 11 0 4 0 3 4 9 5 6 0 5 5 5 7 5 12 0 5 9 6 7 12 16 29 16 2 7 2 1 6 8 8 8 0 2 14 10 2 4 1 2 4 5 8 13 10 15 30 3 1 1 0 2 0 4 9 5 4 1 4 5
